10,946
3381300.0
3381300.0
3381300.0
3381300.0
3381300.0
3381300.0
3381300.0
3381300.0
3381300.0
3381300.0
16,986
3381300.0
3381300.0
3381300.0
3381300.0
3381300.0
3381300.0
3381300.0
3381300.0
3381300.0
3381300.0
16,978
3381300.0
3381300.0
3381300.0
3381300.0
3381300.0
3381300.0
3381300.0
3381300.0
3381300.0
3381300.0
16,974
3381300.0
3381300.0
3381300.0
3381300.0
3381300.0
3381300.0
3381300.0
3381300.0
3381300.0
3381300.0
16,976
3381300.0
3381300.0
3381300.0
3381300.0
3381300.0
3381300.0
3381300.0
3381300.0
3381300.0
3381300.0
16,966
3381300.0
3381300.0
3381300.0
3381300.0
3381300.0
3381300.0
3381300.0
3381300.0
3381300.0
3381300.0
16,969
3381300.0
3381300.0
3381300.0
3381300.0
3381300.0
3381300.0
3381300.0
3381300.0
3381300.0
3381300.0
16,967
3381300.0
3381300.0
3381300.0
3381300.0
3381300.0
3381300.0
3381300.0
3381300.0
3381300.0
3381300.0
16,974
3381300.0
3381300.0
3381300.0
3381300.0
3381300.0
3381300.0
3381300.0
3381300.0
3381300.0
3381300.0
17,605
3381300.0
3381300.0
3381300.0
3381300.0
3381300.0
3381300.0
3381300.0
3381300.0
3381300.0
3381300.0
