0,519
500500.0
500500.0
500500.0
500500.0
500500.0
500500.0
500500.0
500500.0
500500.0
500500.0
0,881
500500.0
500500.0
500500.0
500500.0
500500.0
500500.0
500500.0
500500.0
500500.0
500500.0
0,850
500500.0
500500.0
500500.0
500500.0
500500.0
500500.0
500500.0
500500.0
500500.0
500500.0
0,844
500500.0
500500.0
500500.0
500500.0
500500.0
500500.0
500500.0
500500.0
500500.0
500500.0
0,843
500500.0
500500.0
500500.0
500500.0
500500.0
500500.0
500500.0
500500.0
500500.0
500500.0
0,849
500500.0
500500.0
500500.0
500500.0
500500.0
500500.0
500500.0
500500.0
500500.0
500500.0
0,850
500500.0
500500.0
500500.0
500500.0
500500.0
500500.0
500500.0
500500.0
500500.0
500500.0
0,847
500500.0
500500.0
500500.0
500500.0
500500.0
500500.0
500500.0
500500.0
500500.0
500500.0
0,850
500500.0
500500.0
500500.0
500500.0
500500.0
500500.0
500500.0
500500.0
500500.0
500500.0
0,843
500500.0
500500.0
500500.0
500500.0
500500.0
500500.0
500500.0
500500.0
500500.0
500500.0
