3,896
1620900.0
1620900.0
1620900.0
1620900.0
1620900.0
1620900.0
1620900.0
1620900.0
1620900.0
1620900.0
5,879
1620900.0
1620900.0
1620900.0
1620900.0
1620900.0
1620900.0
1620900.0
1620900.0
1620900.0
1620900.0
5,731
1620900.0
1620900.0
1620900.0
1620900.0
1620900.0
1620900.0
1620900.0
1620900.0
1620900.0
1620900.0
5,798
1620900.0
1620900.0
1620900.0
1620900.0
1620900.0
1620900.0
1620900.0
1620900.0
1620900.0
1620900.0
5,935
1620900.0
1620900.0
1620900.0
1620900.0
1620900.0
1620900.0
1620900.0
1620900.0
1620900.0
1620900.0
5,778
1620900.0
1620900.0
1620900.0
1620900.0
1620900.0
1620900.0
1620900.0
1620900.0
1620900.0
1620900.0
5,995
1620900.0
1620900.0
1620900.0
1620900.0
1620900.0
1620900.0
1620900.0
1620900.0
1620900.0
1620900.0
5,884
1620900.0
1620900.0
1620900.0
1620900.0
1620900.0
1620900.0
1620900.0
1620900.0
1620900.0
1620900.0
5,840
1620900.0
1620900.0
1620900.0
1620900.0
1620900.0
1620900.0
1620900.0
1620900.0
1620900.0
1620900.0
5,570
1620900.0
1620900.0
1620900.0
1620900.0
1620900.0
1620900.0
1620900.0
1620900.0
1620900.0
1620900.0
