1,603
980700.0
980700.0
980700.0
980700.0
980700.0
980700.0
980700.0
980700.0
980700.0
980700.0
2,589
980700.0
980700.0
980700.0
980700.0
980700.0
980700.0
980700.0
980700.0
980700.0
980700.0
2,550
980700.0
980700.0
980700.0
980700.0
980700.0
980700.0
980700.0
980700.0
980700.0
980700.0
2,556
980700.0
980700.0
980700.0
980700.0
980700.0
980700.0
980700.0
980700.0
980700.0
980700.0
2,554
980700.0
980700.0
980700.0
980700.0
980700.0
980700.0
980700.0
980700.0
980700.0
980700.0
2,552
980700.0
980700.0
980700.0
980700.0
980700.0
980700.0
980700.0
980700.0
980700.0
980700.0
2,549
980700.0
980700.0
980700.0
980700.0
980700.0
980700.0
980700.0
980700.0
980700.0
980700.0
2,552
980700.0
980700.0
980700.0
980700.0
980700.0
980700.0
980700.0
980700.0
980700.0
980700.0
2,552
980700.0
980700.0
980700.0
980700.0
980700.0
980700.0
980700.0
980700.0
980700.0
980700.0
2,694
980700.0
980700.0
980700.0
980700.0
980700.0
980700.0
980700.0
980700.0
980700.0
980700.0
