6,775
2421100.0
2421100.0
2421100.0
2421100.0
2421100.0
2421100.0
2421100.0
2421100.0
2421100.0
2421100.0
10,511
2421100.0
2421100.0
2421100.0
2421100.0
2421100.0
2421100.0
2421100.0
2421100.0
2421100.0
2421100.0
10,452
2421100.0
2421100.0
2421100.0
2421100.0
2421100.0
2421100.0
2421100.0
2421100.0
2421100.0
2421100.0
10,313
2421100.0
2421100.0
2421100.0
2421100.0
2421100.0
2421100.0
2421100.0
2421100.0
2421100.0
2421100.0
10,313
2421100.0
2421100.0
2421100.0
2421100.0
2421100.0
2421100.0
2421100.0
2421100.0
2421100.0
2421100.0
10,305
2421100.0
2421100.0
2421100.0
2421100.0
2421100.0
2421100.0
2421100.0
2421100.0
2421100.0
2421100.0
10,350
2421100.0
2421100.0
2421100.0
2421100.0
2421100.0
2421100.0
2421100.0
2421100.0
2421100.0
2421100.0
10,963
2421100.0
2421100.0
2421100.0
2421100.0
2421100.0
2421100.0
2421100.0
2421100.0
2421100.0
2421100.0
10,296
2421100.0
2421100.0
2421100.0
2421100.0
2421100.0
2421100.0
2421100.0
2421100.0
2421100.0
2421100.0
10,295
2421100.0
2421100.0
2421100.0
2421100.0
2421100.0
2421100.0
2421100.0
2421100.0
2421100.0
2421100.0
