0,115
180300.0
180300.0
180300.0
180300.0
180300.0
180300.0
180300.0
180300.0
180300.0
180300.0
0,214
180300.0
180300.0
180300.0
180300.0
180300.0
180300.0
180300.0
180300.0
180300.0
180300.0
0,181
180300.0
180300.0
180300.0
180300.0
180300.0
180300.0
180300.0
180300.0
180300.0
180300.0
0,182
180300.0
180300.0
180300.0
180300.0
180300.0
180300.0
180300.0
180300.0
180300.0
180300.0
0,181
180300.0
180300.0
180300.0
180300.0
180300.0
180300.0
180300.0
180300.0
180300.0
180300.0
0,181
180300.0
180300.0
180300.0
180300.0
180300.0
180300.0
180300.0
180300.0
180300.0
180300.0
0,181
180300.0
180300.0
180300.0
180300.0
180300.0
180300.0
180300.0
180300.0
180300.0
180300.0
0,182
180300.0
180300.0
180300.0
180300.0
180300.0
180300.0
180300.0
180300.0
180300.0
180300.0
0,184
180300.0
180300.0
180300.0
180300.0
180300.0
180300.0
180300.0
180300.0
180300.0
180300.0
0,183
180300.0
180300.0
180300.0
180300.0
180300.0
180300.0
180300.0
180300.0
180300.0
180300.0
