17,115
4501500.0
4501500.0
4501500.0
4501500.0
4501500.0
4501500.0
4501500.0
4501500.0
4501500.0
4501500.0
27,186
4501500.0
4501500.0
4501500.0
4501500.0
4501500.0
4501500.0
4501500.0
4501500.0
4501500.0
4501500.0
26,780
4501500.0
4501500.0
4501500.0
4501500.0
4501500.0
4501500.0
4501500.0
4501500.0
4501500.0
4501500.0
26,105
4501500.0
4501500.0
4501500.0
4501500.0
4501500.0
4501500.0
4501500.0
4501500.0
4501500.0
4501500.0
26,173
4501500.0
4501500.0
4501500.0
4501500.0
4501500.0
4501500.0
4501500.0
4501500.0
4501500.0
4501500.0
26,236
4501500.0
4501500.0
4501500.0
4501500.0
4501500.0
4501500.0
4501500.0
4501500.0
4501500.0
4501500.0
26,219
4501500.0
4501500.0
4501500.0
4501500.0
4501500.0
4501500.0
4501500.0
4501500.0
4501500.0
4501500.0
25,999
4501500.0
4501500.0
4501500.0
4501500.0
4501500.0
4501500.0
4501500.0
4501500.0
4501500.0
4501500.0
26,673
4501500.0
4501500.0
4501500.0
4501500.0
4501500.0
4501500.0
4501500.0
4501500.0
4501500.0
4501500.0
26,789
4501500.0
4501500.0
4501500.0
4501500.0
4501500.0
4501500.0
4501500.0
4501500.0
4501500.0
4501500.0
