
1. Multiplication
2. Line Multiplication
3. Block Multiplication
Selection?: Dimensions: lins=cols ? Time: 44.932 seconds
Result matrix: 
8.39066e+06 8.39066e+06 8.39066e+06 8.39066e+06 8.39066e+06 8.39066e+06 8.39066e+06 8.39066e+06 8.39066e+06 8.39066e+06 8.39066e+06 8.39066e+06 8.39066e+06 8.39066e+06 8.39066e+06 8.39066e+06 8.39066e+06 8.39066e+06 8.39066e+06 8.39066e+06 8.39066e+06 8.39066e+06 8.39066e+06 8.39066e+06 8.39066e+06 8.39066e+06 8.39066e+06 8.39066e+06 8.39066e+06 8.39066e+06 8.39066e+06 8.39066e+06 8.39066e+06 8.39066e+06 8.39066e+06 8.39066e+06 8.39066e+06 8.39066e+06 8.39066e+06 8.39066e+06 8.39066e+06 8.39066e+06 8.39066e+06 8.39066e+06 8.39066e+06 8.39066e+06 8.39066e+06 8.39066e+06 8.39066e+06 8.39066e+06 8.39066e+06 8.39066e+06 8.39066e+06 8.39066e+06 8.39066e+06 8.39066e+06 8.39066e+06 8.39066e+06 8.39066e+06 8.39066e+06 8.39066e+06 8.39066e+06 8.39066e+06 8.39066e+06 8.39066e+06 8.39066e+06 8.39066e+06 8.39066e+06 8.39066e+06 8.39066e+06 8.39066e+06 8.39066e+06 8.39066e+06 8.39066e+06 8.39066e+06 8.39066e+06 8.39066e+06 8.39066e+06 8.39066e+06 8.39066e+06 8.39066e+06 8.39066e+06 8.39066e+06 8.39066e+06 8.39066e+06 8.39066e+06 8.39066e+06 8.39066e+06 8.39066e+06 8.39066e+06 8.39066e+06 8.39066e+06 8.39066e+06 8.39066e+06 8.39066e+06 8.39066e+06 8.39066e+06 8.39066e+06 8.39066e+06 8.39066e+06 8.39066e+06 8.39066e+06 8.39066e+06 8.39066e+06 8.39066e+06 8.39066e+06 8.39066e+06 8.39066e+06 8.39066e+06 8.39066e+06 8.39066e+06 8.39066e+06 8.39066e+06 8.39066e+06 8.39066e+06 8.39066e+06 8.39066e+06 8.39066e+06 8.39066e+06 8.39066e+06 8.39066e+06 8.39066e+06 8.39066e+06 8.39066e+06 8.39066e+06 8.39066e+06 8.39066e+06 8.39066e+06 8.39066e+06 8.39066e+06 8.39066e+06 8.39066e+06 8.39066e+06 8.39066e+06 8.39066e+06 8.39066e+06 8.39066e+06 8.39066e+06 8.39066e+06 8.39066e+06 8.39066e+06 8.39066e+06 8.39066e+06 8.39066e+06 8.39066e+06 8.39066e+06 8.39066e+06 8.39066e+06 8.39066e+06 8.39066e+06 8.39066e+06 8.39066e+06 8.39066e+06 8.39066e+06 8.39066e+06 8.39066e+06 8.39066e+06 8.39066e+06 8.39066e+06 8.39066e+06 8.39066e+06 8.39066e+06 8.39066e+06 8.39066e+06 8.39066e+06 8.39066e+06 8.39066e+06 8.39066e+06 8.39066e+06 8.39066e+06 8.39066e+06 8.39066e+06 8.39066e+06 8.39066e+06 8.39066e+06 8.39066e+06 8.39066e+06 8.39066e+06 8.39066e+06 8.39066e+06 8.39066e+06 8.39066e+06 8.39066e+06 8.39066e+06 8.39066e+06 8.39066e+06 8.39066e+06 8.39066e+06 8.39066e+06 8.39066e+06 8.39066e+06 8.39066e+06 8.39066e+06 8.39066e+06 8.39066e+06 8.39066e+06 8.39066e+06 8.39066e+06 8.39066e+06 8.39066e+06 
L1 DCM: 17532278607 
L2 DCM: 16131424659 
DP OPS 137438953473 
L2 DCR: 2726918949 
Time: 44.921 seconds
Result matrix: 
8.39066e+06 8.39066e+06 8.39066e+06 8.39066e+06 8.39066e+06 8.39066e+06 8.39066e+06 8.39066e+06 8.39066e+06 8.39066e+06 8.39066e+06 8.39066e+06 8.39066e+06 8.39066e+06 8.39066e+06 8.39066e+06 8.39066e+06 8.39066e+06 8.39066e+06 8.39066e+06 8.39066e+06 8.39066e+06 8.39066e+06 8.39066e+06 8.39066e+06 8.39066e+06 8.39066e+06 8.39066e+06 8.39066e+06 8.39066e+06 8.39066e+06 8.39066e+06 8.39066e+06 8.39066e+06 8.39066e+06 8.39066e+06 8.39066e+06 8.39066e+06 8.39066e+06 8.39066e+06 8.39066e+06 8.39066e+06 8.39066e+06 8.39066e+06 8.39066e+06 8.39066e+06 8.39066e+06 8.39066e+06 8.39066e+06 8.39066e+06 8.39066e+06 8.39066e+06 8.39066e+06 8.39066e+06 8.39066e+06 8.39066e+06 8.39066e+06 8.39066e+06 8.39066e+06 8.39066e+06 8.39066e+06 8.39066e+06 8.39066e+06 8.39066e+06 8.39066e+06 8.39066e+06 8.39066e+06 8.39066e+06 8.39066e+06 8.39066e+06 8.39066e+06 8.39066e+06 8.39066e+06 8.39066e+06 8.39066e+06 8.39066e+06 8.39066e+06 8.39066e+06 8.39066e+06 8.39066e+06 8.39066e+06 8.39066e+06 8.39066e+06 8.39066e+06 8.39066e+06 8.39066e+06 8.39066e+06 8.39066e+06 8.39066e+06 8.39066e+06 8.39066e+06 8.39066e+06 8.39066e+06 8.39066e+06 8.39066e+06 8.39066e+06 8.39066e+06 8.39066e+06 8.39066e+06 8.39066e+06 8.39066e+06 8.39066e+06 8.39066e+06 8.39066e+06 8.39066e+06 8.39066e+06 8.39066e+06 8.39066e+06 8.39066e+06 8.39066e+06 8.39066e+06 8.39066e+06 8.39066e+06 8.39066e+06 8.39066e+06 8.39066e+06 8.39066e+06 8.39066e+06 8.39066e+06 8.39066e+06 8.39066e+06 8.39066e+06 8.39066e+06 8.39066e+06 8.39066e+06 8.39066e+06 8.39066e+06 8.39066e+06 8.39066e+06 8.39066e+06 8.39066e+06 8.39066e+06 8.39066e+06 8.39066e+06 8.39066e+06 8.39066e+06 8.39066e+06 8.39066e+06 8.39066e+06 8.39066e+06 8.39066e+06 8.39066e+06 8.39066e+06 8.39066e+06 8.39066e+06 8.39066e+06 8.39066e+06 8.39066e+06 8.39066e+06 8.39066e+06 8.39066e+06 8.39066e+06 8.39066e+06 8.39066e+06 8.39066e+06 8.39066e+06 8.39066e+06 8.39066e+06 8.39066e+06 8.39066e+06 8.39066e+06 8.39066e+06 8.39066e+06 8.39066e+06 8.39066e+06 8.39066e+06 8.39066e+06 8.39066e+06 8.39066e+06 8.39066e+06 8.39066e+06 8.39066e+06 8.39066e+06 8.39066e+06 8.39066e+06 8.39066e+06 8.39066e+06 8.39066e+06 8.39066e+06 8.39066e+06 8.39066e+06 8.39066e+06 8.39066e+06 8.39066e+06 8.39066e+06 8.39066e+06 8.39066e+06 8.39066e+06 8.39066e+06 8.39066e+06 8.39066e+06 8.39066e+06 8.39066e+06 8.39066e+06 8.39066e+06 8.39066e+06 8.39066e+06 8.39066e+06 8.39066e+06 8.39066e+06 
L1 DCM: 17548939397 
L2 DCM: 16273282789 
DP OPS 137438953473 
L2 DCR: 5001711454 
Time: 40.589 seconds
Result matrix: 
8.39066e+06 8.39066e+06 8.39066e+06 8.39066e+06 8.39066e+06 8.39066e+06 8.39066e+06 8.39066e+06 8.39066e+06 8.39066e+06 8.39066e+06 8.39066e+06 8.39066e+06 8.39066e+06 8.39066e+06 8.39066e+06 8.39066e+06 8.39066e+06 8.39066e+06 8.39066e+06 8.39066e+06 8.39066e+06 8.39066e+06 8.39066e+06 8.39066e+06 8.39066e+06 8.39066e+06 8.39066e+06 8.39066e+06 8.39066e+06 8.39066e+06 8.39066e+06 8.39066e+06 8.39066e+06 8.39066e+06 8.39066e+06 8.39066e+06 8.39066e+06 8.39066e+06 8.39066e+06 8.39066e+06 8.39066e+06 8.39066e+06 8.39066e+06 8.39066e+06 8.39066e+06 8.39066e+06 8.39066e+06 8.39066e+06 8.39066e+06 8.39066e+06 8.39066e+06 8.39066e+06 8.39066e+06 8.39066e+06 8.39066e+06 8.39066e+06 8.39066e+06 8.39066e+06 8.39066e+06 8.39066e+06 8.39066e+06 8.39066e+06 8.39066e+06 8.39066e+06 8.39066e+06 8.39066e+06 8.39066e+06 8.39066e+06 8.39066e+06 8.39066e+06 8.39066e+06 8.39066e+06 8.39066e+06 8.39066e+06 8.39066e+06 8.39066e+06 8.39066e+06 8.39066e+06 8.39066e+06 8.39066e+06 8.39066e+06 8.39066e+06 8.39066e+06 8.39066e+06 8.39066e+06 8.39066e+06 8.39066e+06 8.39066e+06 8.39066e+06 8.39066e+06 8.39066e+06 8.39066e+06 8.39066e+06 8.39066e+06 8.39066e+06 8.39066e+06 8.39066e+06 8.39066e+06 8.39066e+06 8.39066e+06 8.39066e+06 8.39066e+06 8.39066e+06 8.39066e+06 8.39066e+06 8.39066e+06 8.39066e+06 8.39066e+06 8.39066e+06 8.39066e+06 8.39066e+06 8.39066e+06 8.39066e+06 8.39066e+06 8.39066e+06 8.39066e+06 8.39066e+06 8.39066e+06 8.39066e+06 8.39066e+06 8.39066e+06 8.39066e+06 8.39066e+06 8.39066e+06 8.39066e+06 8.39066e+06 8.39066e+06 8.39066e+06 8.39066e+06 8.39066e+06 8.39066e+06 8.39066e+06 8.39066e+06 8.39066e+06 8.39066e+06 8.39066e+06 8.39066e+06 8.39066e+06 8.39066e+06 8.39066e+06 8.39066e+06 8.39066e+06 8.39066e+06 8.39066e+06 8.39066e+06 8.39066e+06 8.39066e+06 8.39066e+06 8.39066e+06 8.39066e+06 8.39066e+06 8.39066e+06 8.39066e+06 8.39066e+06 8.39066e+06 8.39066e+06 8.39066e+06 8.39066e+06 8.39066e+06 8.39066e+06 8.39066e+06 8.39066e+06 8.39066e+06 8.39066e+06 8.39066e+06 8.39066e+06 8.39066e+06 8.39066e+06 8.39066e+06 8.39066e+06 8.39066e+06 8.39066e+06 8.39066e+06 8.39066e+06 8.39066e+06 8.39066e+06 8.39066e+06 8.39066e+06 8.39066e+06 8.39066e+06 8.39066e+06 8.39066e+06 8.39066e+06 8.39066e+06 8.39066e+06 8.39066e+06 8.39066e+06 8.39066e+06 8.39066e+06 8.39066e+06 8.39066e+06 8.39066e+06 8.39066e+06 8.39066e+06 8.39066e+06 8.39066e+06 8.39066e+06 8.39066e+06 8.39066e+06 
L1 DCM: 17541186713 
L2 DCM: 16229962448 
DP OPS 137438953473 
L2 DCR: 3563221375 
Time: 40.550 seconds
Result matrix: 
8.39066e+06 8.39066e+06 8.39066e+06 8.39066e+06 8.39066e+06 8.39066e+06 8.39066e+06 8.39066e+06 8.39066e+06 8.39066e+06 8.39066e+06 8.39066e+06 8.39066e+06 8.39066e+06 8.39066e+06 8.39066e+06 8.39066e+06 8.39066e+06 8.39066e+06 8.39066e+06 8.39066e+06 8.39066e+06 8.39066e+06 8.39066e+06 8.39066e+06 8.39066e+06 8.39066e+06 8.39066e+06 8.39066e+06 8.39066e+06 8.39066e+06 8.39066e+06 8.39066e+06 8.39066e+06 8.39066e+06 8.39066e+06 8.39066e+06 8.39066e+06 8.39066e+06 8.39066e+06 8.39066e+06 8.39066e+06 8.39066e+06 8.39066e+06 8.39066e+06 8.39066e+06 8.39066e+06 8.39066e+06 8.39066e+06 8.39066e+06 8.39066e+06 8.39066e+06 8.39066e+06 8.39066e+06 8.39066e+06 8.39066e+06 8.39066e+06 8.39066e+06 8.39066e+06 8.39066e+06 8.39066e+06 8.39066e+06 8.39066e+06 8.39066e+06 8.39066e+06 8.39066e+06 8.39066e+06 8.39066e+06 8.39066e+06 8.39066e+06 8.39066e+06 8.39066e+06 8.39066e+06 8.39066e+06 8.39066e+06 8.39066e+06 8.39066e+06 8.39066e+06 8.39066e+06 8.39066e+06 8.39066e+06 8.39066e+06 8.39066e+06 8.39066e+06 8.39066e+06 8.39066e+06 8.39066e+06 8.39066e+06 8.39066e+06 8.39066e+06 8.39066e+06 8.39066e+06 8.39066e+06 8.39066e+06 8.39066e+06 8.39066e+06 8.39066e+06 8.39066e+06 8.39066e+06 8.39066e+06 8.39066e+06 8.39066e+06 8.39066e+06 8.39066e+06 8.39066e+06 8.39066e+06 8.39066e+06 8.39066e+06 8.39066e+06 8.39066e+06 8.39066e+06 8.39066e+06 8.39066e+06 8.39066e+06 8.39066e+06 8.39066e+06 8.39066e+06 8.39066e+06 8.39066e+06 8.39066e+06 8.39066e+06 8.39066e+06 8.39066e+06 8.39066e+06 8.39066e+06 8.39066e+06 8.39066e+06 8.39066e+06 8.39066e+06 8.39066e+06 8.39066e+06 8.39066e+06 8.39066e+06 8.39066e+06 8.39066e+06 8.39066e+06 8.39066e+06 8.39066e+06 8.39066e+06 8.39066e+06 8.39066e+06 8.39066e+06 8.39066e+06 8.39066e+06 8.39066e+06 8.39066e+06 8.39066e+06 8.39066e+06 8.39066e+06 8.39066e+06 8.39066e+06 8.39066e+06 8.39066e+06 8.39066e+06 8.39066e+06 8.39066e+06 8.39066e+06 8.39066e+06 8.39066e+06 8.39066e+06 8.39066e+06 8.39066e+06 8.39066e+06 8.39066e+06 8.39066e+06 8.39066e+06 8.39066e+06 8.39066e+06 8.39066e+06 8.39066e+06 8.39066e+06 8.39066e+06 8.39066e+06 8.39066e+06 8.39066e+06 8.39066e+06 8.39066e+06 8.39066e+06 8.39066e+06 8.39066e+06 8.39066e+06 8.39066e+06 8.39066e+06 8.39066e+06 8.39066e+06 8.39066e+06 8.39066e+06 8.39066e+06 8.39066e+06 8.39066e+06 8.39066e+06 8.39066e+06 8.39066e+06 8.39066e+06 8.39066e+06 8.39066e+06 8.39066e+06 8.39066e+06 8.39066e+06 8.39066e+06 
L1 DCM: 17541384774 
L2 DCM: 16223728689 
DP OPS 137438953473 
L2 DCR: 3329883134 
Time: 40.522 seconds
Result matrix: 
8.39066e+06 8.39066e+06 8.39066e+06 8.39066e+06 8.39066e+06 8.39066e+06 8.39066e+06 8.39066e+06 8.39066e+06 8.39066e+06 8.39066e+06 8.39066e+06 8.39066e+06 8.39066e+06 8.39066e+06 8.39066e+06 8.39066e+06 8.39066e+06 8.39066e+06 8.39066e+06 8.39066e+06 8.39066e+06 8.39066e+06 8.39066e+06 8.39066e+06 8.39066e+06 8.39066e+06 8.39066e+06 8.39066e+06 8.39066e+06 8.39066e+06 8.39066e+06 8.39066e+06 8.39066e+06 8.39066e+06 8.39066e+06 8.39066e+06 8.39066e+06 8.39066e+06 8.39066e+06 8.39066e+06 8.39066e+06 8.39066e+06 8.39066e+06 8.39066e+06 8.39066e+06 8.39066e+06 8.39066e+06 8.39066e+06 8.39066e+06 8.39066e+06 8.39066e+06 8.39066e+06 8.39066e+06 8.39066e+06 8.39066e+06 8.39066e+06 8.39066e+06 8.39066e+06 8.39066e+06 8.39066e+06 8.39066e+06 8.39066e+06 8.39066e+06 8.39066e+06 8.39066e+06 8.39066e+06 8.39066e+06 8.39066e+06 8.39066e+06 8.39066e+06 8.39066e+06 8.39066e+06 8.39066e+06 8.39066e+06 8.39066e+06 8.39066e+06 8.39066e+06 8.39066e+06 8.39066e+06 8.39066e+06 8.39066e+06 8.39066e+06 8.39066e+06 8.39066e+06 8.39066e+06 8.39066e+06 8.39066e+06 8.39066e+06 8.39066e+06 8.39066e+06 8.39066e+06 8.39066e+06 8.39066e+06 8.39066e+06 8.39066e+06 8.39066e+06 8.39066e+06 8.39066e+06 8.39066e+06 8.39066e+06 8.39066e+06 8.39066e+06 8.39066e+06 8.39066e+06 8.39066e+06 8.39066e+06 8.39066e+06 8.39066e+06 8.39066e+06 8.39066e+06 8.39066e+06 8.39066e+06 8.39066e+06 8.39066e+06 8.39066e+06 8.39066e+06 8.39066e+06 8.39066e+06 8.39066e+06 8.39066e+06 8.39066e+06 8.39066e+06 8.39066e+06 8.39066e+06 8.39066e+06 8.39066e+06 8.39066e+06 8.39066e+06 8.39066e+06 8.39066e+06 8.39066e+06 8.39066e+06 8.39066e+06 8.39066e+06 8.39066e+06 8.39066e+06 8.39066e+06 8.39066e+06 8.39066e+06 8.39066e+06 8.39066e+06 8.39066e+06 8.39066e+06 8.39066e+06 8.39066e+06 8.39066e+06 8.39066e+06 8.39066e+06 8.39066e+06 8.39066e+06 8.39066e+06 8.39066e+06 8.39066e+06 8.39066e+06 8.39066e+06 8.39066e+06 8.39066e+06 8.39066e+06 8.39066e+06 8.39066e+06 8.39066e+06 8.39066e+06 8.39066e+06 8.39066e+06 8.39066e+06 8.39066e+06 8.39066e+06 8.39066e+06 8.39066e+06 8.39066e+06 8.39066e+06 8.39066e+06 8.39066e+06 8.39066e+06 8.39066e+06 8.39066e+06 8.39066e+06 8.39066e+06 8.39066e+06 8.39066e+06 8.39066e+06 8.39066e+06 8.39066e+06 8.39066e+06 8.39066e+06 8.39066e+06 8.39066e+06 8.39066e+06 8.39066e+06 8.39066e+06 8.39066e+06 8.39066e+06 8.39066e+06 8.39066e+06 8.39066e+06 8.39066e+06 8.39066e+06 8.39066e+06 8.39066e+06 
L1 DCM: 17541563235 
L2 DCM: 16229795167 
DP OPS 137438953473 
L2 DCR: 3190094023 
Time: 40.534 seconds
Result matrix: 
8.39066e+06 8.39066e+06 8.39066e+06 8.39066e+06 8.39066e+06 8.39066e+06 8.39066e+06 8.39066e+06 8.39066e+06 8.39066e+06 8.39066e+06 8.39066e+06 8.39066e+06 8.39066e+06 8.39066e+06 8.39066e+06 8.39066e+06 8.39066e+06 8.39066e+06 8.39066e+06 8.39066e+06 8.39066e+06 8.39066e+06 8.39066e+06 8.39066e+06 8.39066e+06 8.39066e+06 8.39066e+06 8.39066e+06 8.39066e+06 8.39066e+06 8.39066e+06 8.39066e+06 8.39066e+06 8.39066e+06 8.39066e+06 8.39066e+06 8.39066e+06 8.39066e+06 8.39066e+06 8.39066e+06 8.39066e+06 8.39066e+06 8.39066e+06 8.39066e+06 8.39066e+06 8.39066e+06 8.39066e+06 8.39066e+06 8.39066e+06 8.39066e+06 8.39066e+06 8.39066e+06 8.39066e+06 8.39066e+06 8.39066e+06 8.39066e+06 8.39066e+06 8.39066e+06 8.39066e+06 8.39066e+06 8.39066e+06 8.39066e+06 8.39066e+06 8.39066e+06 8.39066e+06 8.39066e+06 8.39066e+06 8.39066e+06 8.39066e+06 8.39066e+06 8.39066e+06 8.39066e+06 8.39066e+06 8.39066e+06 8.39066e+06 8.39066e+06 8.39066e+06 8.39066e+06 8.39066e+06 8.39066e+06 8.39066e+06 8.39066e+06 8.39066e+06 8.39066e+06 8.39066e+06 8.39066e+06 8.39066e+06 8.39066e+06 8.39066e+06 8.39066e+06 8.39066e+06 8.39066e+06 8.39066e+06 8.39066e+06 8.39066e+06 8.39066e+06 8.39066e+06 8.39066e+06 8.39066e+06 8.39066e+06 8.39066e+06 8.39066e+06 8.39066e+06 8.39066e+06 8.39066e+06 8.39066e+06 8.39066e+06 8.39066e+06 8.39066e+06 8.39066e+06 8.39066e+06 8.39066e+06 8.39066e+06 8.39066e+06 8.39066e+06 8.39066e+06 8.39066e+06 8.39066e+06 8.39066e+06 8.39066e+06 8.39066e+06 8.39066e+06 8.39066e+06 8.39066e+06 8.39066e+06 8.39066e+06 8.39066e+06 8.39066e+06 8.39066e+06 8.39066e+06 8.39066e+06 8.39066e+06 8.39066e+06 8.39066e+06 8.39066e+06 8.39066e+06 8.39066e+06 8.39066e+06 8.39066e+06 8.39066e+06 8.39066e+06 8.39066e+06 8.39066e+06 8.39066e+06 8.39066e+06 8.39066e+06 8.39066e+06 8.39066e+06 8.39066e+06 8.39066e+06 8.39066e+06 8.39066e+06 8.39066e+06 8.39066e+06 8.39066e+06 8.39066e+06 8.39066e+06 8.39066e+06 8.39066e+06 8.39066e+06 8.39066e+06 8.39066e+06 8.39066e+06 8.39066e+06 8.39066e+06 8.39066e+06 8.39066e+06 8.39066e+06 8.39066e+06 8.39066e+06 8.39066e+06 8.39066e+06 8.39066e+06 8.39066e+06 8.39066e+06 8.39066e+06 8.39066e+06 8.39066e+06 8.39066e+06 8.39066e+06 8.39066e+06 8.39066e+06 8.39066e+06 8.39066e+06 8.39066e+06 8.39066e+06 8.39066e+06 8.39066e+06 8.39066e+06 8.39066e+06 8.39066e+06 8.39066e+06 8.39066e+06 8.39066e+06 8.39066e+06 8.39066e+06 8.39066e+06 8.39066e+06 8.39066e+06 
L1 DCM: 17540168311 
L2 DCM: 16211647239 
DP OPS 137438953473 
L2 DCR: 3155164411 
Time: 40.947 seconds
Result matrix: 
8.39066e+06 8.39066e+06 8.39066e+06 8.39066e+06 8.39066e+06 8.39066e+06 8.39066e+06 8.39066e+06 8.39066e+06 8.39066e+06 8.39066e+06 8.39066e+06 8.39066e+06 8.39066e+06 8.39066e+06 8.39066e+06 8.39066e+06 8.39066e+06 8.39066e+06 8.39066e+06 8.39066e+06 8.39066e+06 8.39066e+06 8.39066e+06 8.39066e+06 8.39066e+06 8.39066e+06 8.39066e+06 8.39066e+06 8.39066e+06 8.39066e+06 8.39066e+06 8.39066e+06 8.39066e+06 8.39066e+06 8.39066e+06 8.39066e+06 8.39066e+06 8.39066e+06 8.39066e+06 8.39066e+06 8.39066e+06 8.39066e+06 8.39066e+06 8.39066e+06 8.39066e+06 8.39066e+06 8.39066e+06 8.39066e+06 8.39066e+06 8.39066e+06 8.39066e+06 8.39066e+06 8.39066e+06 8.39066e+06 8.39066e+06 8.39066e+06 8.39066e+06 8.39066e+06 8.39066e+06 8.39066e+06 8.39066e+06 8.39066e+06 8.39066e+06 8.39066e+06 8.39066e+06 8.39066e+06 8.39066e+06 8.39066e+06 8.39066e+06 8.39066e+06 8.39066e+06 8.39066e+06 8.39066e+06 8.39066e+06 8.39066e+06 8.39066e+06 8.39066e+06 8.39066e+06 8.39066e+06 8.39066e+06 8.39066e+06 8.39066e+06 8.39066e+06 8.39066e+06 8.39066e+06 8.39066e+06 8.39066e+06 8.39066e+06 8.39066e+06 8.39066e+06 8.39066e+06 8.39066e+06 8.39066e+06 8.39066e+06 8.39066e+06 8.39066e+06 8.39066e+06 8.39066e+06 8.39066e+06 8.39066e+06 8.39066e+06 8.39066e+06 8.39066e+06 8.39066e+06 8.39066e+06 8.39066e+06 8.39066e+06 8.39066e+06 8.39066e+06 8.39066e+06 8.39066e+06 8.39066e+06 8.39066e+06 8.39066e+06 8.39066e+06 8.39066e+06 8.39066e+06 8.39066e+06 8.39066e+06 8.39066e+06 8.39066e+06 8.39066e+06 8.39066e+06 8.39066e+06 8.39066e+06 8.39066e+06 8.39066e+06 8.39066e+06 8.39066e+06 8.39066e+06 8.39066e+06 8.39066e+06 8.39066e+06 8.39066e+06 8.39066e+06 8.39066e+06 8.39066e+06 8.39066e+06 8.39066e+06 8.39066e+06 8.39066e+06 8.39066e+06 8.39066e+06 8.39066e+06 8.39066e+06 8.39066e+06 8.39066e+06 8.39066e+06 8.39066e+06 8.39066e+06 8.39066e+06 8.39066e+06 8.39066e+06 8.39066e+06 8.39066e+06 8.39066e+06 8.39066e+06 8.39066e+06 8.39066e+06 8.39066e+06 8.39066e+06 8.39066e+06 8.39066e+06 8.39066e+06 8.39066e+06 8.39066e+06 8.39066e+06 8.39066e+06 8.39066e+06 8.39066e+06 8.39066e+06 8.39066e+06 8.39066e+06 8.39066e+06 8.39066e+06 8.39066e+06 8.39066e+06 8.39066e+06 8.39066e+06 8.39066e+06 8.39066e+06 8.39066e+06 8.39066e+06 8.39066e+06 8.39066e+06 8.39066e+06 8.39066e+06 8.39066e+06 8.39066e+06 8.39066e+06 8.39066e+06 8.39066e+06 8.39066e+06 8.39066e+06 8.39066e+06 8.39066e+06 8.39066e+06 8.39066e+06 8.39066e+06 
L1 DCM: 17554611998 
L2 DCM: 16333017299 
DP OPS 137438953473 
L2 DCR: 4982715293 
Time: 41.428 seconds
Result matrix: 
8.39066e+06 8.39066e+06 8.39066e+06 8.39066e+06 8.39066e+06 8.39066e+06 8.39066e+06 8.39066e+06 8.39066e+06 8.39066e+06 8.39066e+06 8.39066e+06 8.39066e+06 8.39066e+06 8.39066e+06 8.39066e+06 8.39066e+06 8.39066e+06 8.39066e+06 8.39066e+06 8.39066e+06 8.39066e+06 8.39066e+06 8.39066e+06 8.39066e+06 8.39066e+06 8.39066e+06 8.39066e+06 8.39066e+06 8.39066e+06 8.39066e+06 8.39066e+06 8.39066e+06 8.39066e+06 8.39066e+06 8.39066e+06 8.39066e+06 8.39066e+06 8.39066e+06 8.39066e+06 8.39066e+06 8.39066e+06 8.39066e+06 8.39066e+06 8.39066e+06 8.39066e+06 8.39066e+06 8.39066e+06 8.39066e+06 8.39066e+06 8.39066e+06 8.39066e+06 8.39066e+06 8.39066e+06 8.39066e+06 8.39066e+06 8.39066e+06 8.39066e+06 8.39066e+06 8.39066e+06 8.39066e+06 8.39066e+06 8.39066e+06 8.39066e+06 8.39066e+06 8.39066e+06 8.39066e+06 8.39066e+06 8.39066e+06 8.39066e+06 8.39066e+06 8.39066e+06 8.39066e+06 8.39066e+06 8.39066e+06 8.39066e+06 8.39066e+06 8.39066e+06 8.39066e+06 8.39066e+06 8.39066e+06 8.39066e+06 8.39066e+06 8.39066e+06 8.39066e+06 8.39066e+06 8.39066e+06 8.39066e+06 8.39066e+06 8.39066e+06 8.39066e+06 8.39066e+06 8.39066e+06 8.39066e+06 8.39066e+06 8.39066e+06 8.39066e+06 8.39066e+06 8.39066e+06 8.39066e+06 8.39066e+06 8.39066e+06 8.39066e+06 8.39066e+06 8.39066e+06 8.39066e+06 8.39066e+06 8.39066e+06 8.39066e+06 8.39066e+06 8.39066e+06 8.39066e+06 8.39066e+06 8.39066e+06 8.39066e+06 8.39066e+06 8.39066e+06 8.39066e+06 8.39066e+06 8.39066e+06 8.39066e+06 8.39066e+06 8.39066e+06 8.39066e+06 8.39066e+06 8.39066e+06 8.39066e+06 8.39066e+06 8.39066e+06 8.39066e+06 8.39066e+06 8.39066e+06 8.39066e+06 8.39066e+06 8.39066e+06 8.39066e+06 8.39066e+06 8.39066e+06 8.39066e+06 8.39066e+06 8.39066e+06 8.39066e+06 8.39066e+06 8.39066e+06 8.39066e+06 8.39066e+06 8.39066e+06 8.39066e+06 8.39066e+06 8.39066e+06 8.39066e+06 8.39066e+06 8.39066e+06 8.39066e+06 8.39066e+06 8.39066e+06 8.39066e+06 8.39066e+06 8.39066e+06 8.39066e+06 8.39066e+06 8.39066e+06 8.39066e+06 8.39066e+06 8.39066e+06 8.39066e+06 8.39066e+06 8.39066e+06 8.39066e+06 8.39066e+06 8.39066e+06 8.39066e+06 8.39066e+06 8.39066e+06 8.39066e+06 8.39066e+06 8.39066e+06 8.39066e+06 8.39066e+06 8.39066e+06 8.39066e+06 8.39066e+06 8.39066e+06 8.39066e+06 8.39066e+06 8.39066e+06 8.39066e+06 8.39066e+06 8.39066e+06 8.39066e+06 8.39066e+06 8.39066e+06 8.39066e+06 8.39066e+06 8.39066e+06 8.39066e+06 8.39066e+06 8.39066e+06 8.39066e+06 8.39066e+06 
L1 DCM: 17539628438 
L2 DCM: 16204665547 
DP OPS 137438953473 
L2 DCR: 2975423358 
Time: 40.991 seconds
Result matrix: 
8.39066e+06 8.39066e+06 8.39066e+06 8.39066e+06 8.39066e+06 8.39066e+06 8.39066e+06 8.39066e+06 8.39066e+06 8.39066e+06 8.39066e+06 8.39066e+06 8.39066e+06 8.39066e+06 8.39066e+06 8.39066e+06 8.39066e+06 8.39066e+06 8.39066e+06 8.39066e+06 8.39066e+06 8.39066e+06 8.39066e+06 8.39066e+06 8.39066e+06 8.39066e+06 8.39066e+06 8.39066e+06 8.39066e+06 8.39066e+06 8.39066e+06 8.39066e+06 8.39066e+06 8.39066e+06 8.39066e+06 8.39066e+06 8.39066e+06 8.39066e+06 8.39066e+06 8.39066e+06 8.39066e+06 8.39066e+06 8.39066e+06 8.39066e+06 8.39066e+06 8.39066e+06 8.39066e+06 8.39066e+06 8.39066e+06 8.39066e+06 8.39066e+06 8.39066e+06 8.39066e+06 8.39066e+06 8.39066e+06 8.39066e+06 8.39066e+06 8.39066e+06 8.39066e+06 8.39066e+06 8.39066e+06 8.39066e+06 8.39066e+06 8.39066e+06 8.39066e+06 8.39066e+06 8.39066e+06 8.39066e+06 8.39066e+06 8.39066e+06 8.39066e+06 8.39066e+06 8.39066e+06 8.39066e+06 8.39066e+06 8.39066e+06 8.39066e+06 8.39066e+06 8.39066e+06 8.39066e+06 8.39066e+06 8.39066e+06 8.39066e+06 8.39066e+06 8.39066e+06 8.39066e+06 8.39066e+06 8.39066e+06 8.39066e+06 8.39066e+06 8.39066e+06 8.39066e+06 8.39066e+06 8.39066e+06 8.39066e+06 8.39066e+06 8.39066e+06 8.39066e+06 8.39066e+06 8.39066e+06 8.39066e+06 8.39066e+06 8.39066e+06 8.39066e+06 8.39066e+06 8.39066e+06 8.39066e+06 8.39066e+06 8.39066e+06 8.39066e+06 8.39066e+06 8.39066e+06 8.39066e+06 8.39066e+06 8.39066e+06 8.39066e+06 8.39066e+06 8.39066e+06 8.39066e+06 8.39066e+06 8.39066e+06 8.39066e+06 8.39066e+06 8.39066e+06 8.39066e+06 8.39066e+06 8.39066e+06 8.39066e+06 8.39066e+06 8.39066e+06 8.39066e+06 8.39066e+06 8.39066e+06 8.39066e+06 8.39066e+06 8.39066e+06 8.39066e+06 8.39066e+06 8.39066e+06 8.39066e+06 8.39066e+06 8.39066e+06 8.39066e+06 8.39066e+06 8.39066e+06 8.39066e+06 8.39066e+06 8.39066e+06 8.39066e+06 8.39066e+06 8.39066e+06 8.39066e+06 8.39066e+06 8.39066e+06 8.39066e+06 8.39066e+06 8.39066e+06 8.39066e+06 8.39066e+06 8.39066e+06 8.39066e+06 8.39066e+06 8.39066e+06 8.39066e+06 8.39066e+06 8.39066e+06 8.39066e+06 8.39066e+06 8.39066e+06 8.39066e+06 8.39066e+06 8.39066e+06 8.39066e+06 8.39066e+06 8.39066e+06 8.39066e+06 8.39066e+06 8.39066e+06 8.39066e+06 8.39066e+06 8.39066e+06 8.39066e+06 8.39066e+06 8.39066e+06 8.39066e+06 8.39066e+06 8.39066e+06 8.39066e+06 8.39066e+06 8.39066e+06 8.39066e+06 8.39066e+06 8.39066e+06 8.39066e+06 8.39066e+06 8.39066e+06 8.39066e+06 8.39066e+06 8.39066e+06 8.39066e+06 
L1 DCM: 17539968541 
L2 DCM: 16244004603 
DP OPS 137438953473 
L2 DCR: 2959860575 
Time: 41.287 seconds
Result matrix: 
8.39066e+06 8.39066e+06 8.39066e+06 8.39066e+06 8.39066e+06 8.39066e+06 8.39066e+06 8.39066e+06 8.39066e+06 8.39066e+06 8.39066e+06 8.39066e+06 8.39066e+06 8.39066e+06 8.39066e+06 8.39066e+06 8.39066e+06 8.39066e+06 8.39066e+06 8.39066e+06 8.39066e+06 8.39066e+06 8.39066e+06 8.39066e+06 8.39066e+06 8.39066e+06 8.39066e+06 8.39066e+06 8.39066e+06 8.39066e+06 8.39066e+06 8.39066e+06 8.39066e+06 8.39066e+06 8.39066e+06 8.39066e+06 8.39066e+06 8.39066e+06 8.39066e+06 8.39066e+06 8.39066e+06 8.39066e+06 8.39066e+06 8.39066e+06 8.39066e+06 8.39066e+06 8.39066e+06 8.39066e+06 8.39066e+06 8.39066e+06 8.39066e+06 8.39066e+06 8.39066e+06 8.39066e+06 8.39066e+06 8.39066e+06 8.39066e+06 8.39066e+06 8.39066e+06 8.39066e+06 8.39066e+06 8.39066e+06 8.39066e+06 8.39066e+06 8.39066e+06 8.39066e+06 8.39066e+06 8.39066e+06 8.39066e+06 8.39066e+06 8.39066e+06 8.39066e+06 8.39066e+06 8.39066e+06 8.39066e+06 8.39066e+06 8.39066e+06 8.39066e+06 8.39066e+06 8.39066e+06 8.39066e+06 8.39066e+06 8.39066e+06 8.39066e+06 8.39066e+06 8.39066e+06 8.39066e+06 8.39066e+06 8.39066e+06 8.39066e+06 8.39066e+06 8.39066e+06 8.39066e+06 8.39066e+06 8.39066e+06 8.39066e+06 8.39066e+06 8.39066e+06 8.39066e+06 8.39066e+06 8.39066e+06 8.39066e+06 8.39066e+06 8.39066e+06 8.39066e+06 8.39066e+06 8.39066e+06 8.39066e+06 8.39066e+06 8.39066e+06 8.39066e+06 8.39066e+06 8.39066e+06 8.39066e+06 8.39066e+06 8.39066e+06 8.39066e+06 8.39066e+06 8.39066e+06 8.39066e+06 8.39066e+06 8.39066e+06 8.39066e+06 8.39066e+06 8.39066e+06 8.39066e+06 8.39066e+06 8.39066e+06 8.39066e+06 8.39066e+06 8.39066e+06 8.39066e+06 8.39066e+06 8.39066e+06 8.39066e+06 8.39066e+06 8.39066e+06 8.39066e+06 8.39066e+06 8.39066e+06 8.39066e+06 8.39066e+06 8.39066e+06 8.39066e+06 8.39066e+06 8.39066e+06 8.39066e+06 8.39066e+06 8.39066e+06 8.39066e+06 8.39066e+06 8.39066e+06 8.39066e+06 8.39066e+06 8.39066e+06 8.39066e+06 8.39066e+06 8.39066e+06 8.39066e+06 8.39066e+06 8.39066e+06 8.39066e+06 8.39066e+06 8.39066e+06 8.39066e+06 8.39066e+06 8.39066e+06 8.39066e+06 8.39066e+06 8.39066e+06 8.39066e+06 8.39066e+06 8.39066e+06 8.39066e+06 8.39066e+06 8.39066e+06 8.39066e+06 8.39066e+06 8.39066e+06 8.39066e+06 8.39066e+06 8.39066e+06 8.39066e+06 8.39066e+06 8.39066e+06 8.39066e+06 8.39066e+06 8.39066e+06 8.39066e+06 8.39066e+06 8.39066e+06 8.39066e+06 8.39066e+06 8.39066e+06 8.39066e+06 8.39066e+06 8.39066e+06 8.39066e+06 8.39066e+06 8.39066e+06 
L1 DCM: 17557247600 
L2 DCM: 16362213182 
DP OPS 137438953473 
L2 DCR: 4982718560 

1. Multiplication
2. Line Multiplication
3. Block Multiplication
Selection?: Dimensions: lins=cols ? Time: 139.426 seconds
Result matrix: 
1.88774e+07 1.88774e+07 1.88774e+07 1.88774e+07 1.88774e+07 1.88774e+07 1.88774e+07 1.88774e+07 1.88774e+07 1.88774e+07 1.88774e+07 1.88774e+07 1.88774e+07 1.88774e+07 1.88774e+07 1.88774e+07 1.88774e+07 1.88774e+07 1.88774e+07 1.88774e+07 1.88774e+07 1.88774e+07 1.88774e+07 1.88774e+07 1.88774e+07 1.88774e+07 1.88774e+07 1.88774e+07 1.88774e+07 1.88774e+07 1.88774e+07 1.88774e+07 1.88774e+07 1.88774e+07 1.88774e+07 1.88774e+07 1.88774e+07 1.88774e+07 1.88774e+07 1.88774e+07 1.88774e+07 1.88774e+07 1.88774e+07 1.88774e+07 1.88774e+07 1.88774e+07 1.88774e+07 1.88774e+07 1.88774e+07 1.88774e+07 1.88774e+07 1.88774e+07 1.88774e+07 1.88774e+07 1.88774e+07 1.88774e+07 1.88774e+07 1.88774e+07 1.88774e+07 1.88774e+07 1.88774e+07 1.88774e+07 1.88774e+07 1.88774e+07 1.88774e+07 1.88774e+07 1.88774e+07 1.88774e+07 1.88774e+07 1.88774e+07 1.88774e+07 1.88774e+07 1.88774e+07 1.88774e+07 1.88774e+07 1.88774e+07 1.88774e+07 1.88774e+07 1.88774e+07 1.88774e+07 1.88774e+07 1.88774e+07 1.88774e+07 1.88774e+07 1.88774e+07 1.88774e+07 1.88774e+07 1.88774e+07 1.88774e+07 1.88774e+07 1.88774e+07 1.88774e+07 1.88774e+07 1.88774e+07 1.88774e+07 1.88774e+07 1.88774e+07 1.88774e+07 1.88774e+07 1.88774e+07 1.88774e+07 1.88774e+07 1.88774e+07 1.88774e+07 1.88774e+07 1.88774e+07 1.88774e+07 1.88774e+07 1.88774e+07 1.88774e+07 1.88774e+07 1.88774e+07 1.88774e+07 1.88774e+07 1.88774e+07 1.88774e+07 1.88774e+07 1.88774e+07 1.88774e+07 1.88774e+07 1.88774e+07 1.88774e+07 1.88774e+07 1.88774e+07 1.88774e+07 1.88774e+07 1.88774e+07 1.88774e+07 1.88774e+07 1.88774e+07 1.88774e+07 1.88774e+07 1.88774e+07 1.88774e+07 1.88774e+07 1.88774e+07 1.88774e+07 1.88774e+07 1.88774e+07 1.88774e+07 1.88774e+07 1.88774e+07 1.88774e+07 1.88774e+07 1.88774e+07 1.88774e+07 1.88774e+07 1.88774e+07 1.88774e+07 1.88774e+07 1.88774e+07 1.88774e+07 1.88774e+07 1.88774e+07 1.88774e+07 1.88774e+07 1.88774e+07 1.88774e+07 1.88774e+07 1.88774e+07 1.88774e+07 1.88774e+07 1.88774e+07 1.88774e+07 1.88774e+07 1.88774e+07 1.88774e+07 1.88774e+07 1.88774e+07 1.88774e+07 1.88774e+07 1.88774e+07 1.88774e+07 1.88774e+07 1.88774e+07 1.88774e+07 1.88774e+07 1.88774e+07 1.88774e+07 1.88774e+07 1.88774e+07 1.88774e+07 1.88774e+07 1.88774e+07 1.88774e+07 1.88774e+07 1.88774e+07 1.88774e+07 1.88774e+07 1.88774e+07 1.88774e+07 1.88774e+07 1.88774e+07 1.88774e+07 1.88774e+07 1.88774e+07 1.88774e+07 1.88774e+07 1.88774e+07 1.88774e+07 
L1 DCM: 59145272478 
L2 DCM: 54407896984 
DP OPS 463856467969 
L2 DCR: 11520878316 
Time: 137.306 seconds
Result matrix: 
1.88774e+07 1.88774e+07 1.88774e+07 1.88774e+07 1.88774e+07 1.88774e+07 1.88774e+07 1.88774e+07 1.88774e+07 1.88774e+07 1.88774e+07 1.88774e+07 1.88774e+07 1.88774e+07 1.88774e+07 1.88774e+07 1.88774e+07 1.88774e+07 1.88774e+07 1.88774e+07 1.88774e+07 1.88774e+07 1.88774e+07 1.88774e+07 1.88774e+07 1.88774e+07 1.88774e+07 1.88774e+07 1.88774e+07 1.88774e+07 1.88774e+07 1.88774e+07 1.88774e+07 1.88774e+07 1.88774e+07 1.88774e+07 1.88774e+07 1.88774e+07 1.88774e+07 1.88774e+07 1.88774e+07 1.88774e+07 1.88774e+07 1.88774e+07 1.88774e+07 1.88774e+07 1.88774e+07 1.88774e+07 1.88774e+07 1.88774e+07 1.88774e+07 1.88774e+07 1.88774e+07 1.88774e+07 1.88774e+07 1.88774e+07 1.88774e+07 1.88774e+07 1.88774e+07 1.88774e+07 1.88774e+07 1.88774e+07 1.88774e+07 1.88774e+07 1.88774e+07 1.88774e+07 1.88774e+07 1.88774e+07 1.88774e+07 1.88774e+07 1.88774e+07 1.88774e+07 1.88774e+07 1.88774e+07 1.88774e+07 1.88774e+07 1.88774e+07 1.88774e+07 1.88774e+07 1.88774e+07 1.88774e+07 1.88774e+07 1.88774e+07 1.88774e+07 1.88774e+07 1.88774e+07 1.88774e+07 1.88774e+07 1.88774e+07 1.88774e+07 1.88774e+07 1.88774e+07 1.88774e+07 1.88774e+07 1.88774e+07 1.88774e+07 1.88774e+07 1.88774e+07 1.88774e+07 1.88774e+07 1.88774e+07 1.88774e+07 1.88774e+07 1.88774e+07 1.88774e+07 1.88774e+07 1.88774e+07 1.88774e+07 1.88774e+07 1.88774e+07 1.88774e+07 1.88774e+07 1.88774e+07 1.88774e+07 1.88774e+07 1.88774e+07 1.88774e+07 1.88774e+07 1.88774e+07 1.88774e+07 1.88774e+07 1.88774e+07 1.88774e+07 1.88774e+07 1.88774e+07 1.88774e+07 1.88774e+07 1.88774e+07 1.88774e+07 1.88774e+07 1.88774e+07 1.88774e+07 1.88774e+07 1.88774e+07 1.88774e+07 1.88774e+07 1.88774e+07 1.88774e+07 1.88774e+07 1.88774e+07 1.88774e+07 1.88774e+07 1.88774e+07 1.88774e+07 1.88774e+07 1.88774e+07 1.88774e+07 1.88774e+07 1.88774e+07 1.88774e+07 1.88774e+07 1.88774e+07 1.88774e+07 1.88774e+07 1.88774e+07 1.88774e+07 1.88774e+07 1.88774e+07 1.88774e+07 1.88774e+07 1.88774e+07 1.88774e+07 1.88774e+07 1.88774e+07 1.88774e+07 1.88774e+07 1.88774e+07 1.88774e+07 1.88774e+07 1.88774e+07 1.88774e+07 1.88774e+07 1.88774e+07 1.88774e+07 1.88774e+07 1.88774e+07 1.88774e+07 1.88774e+07 1.88774e+07 1.88774e+07 1.88774e+07 1.88774e+07 1.88774e+07 1.88774e+07 1.88774e+07 1.88774e+07 1.88774e+07 1.88774e+07 1.88774e+07 1.88774e+07 1.88774e+07 1.88774e+07 1.88774e+07 1.88774e+07 1.88774e+07 1.88774e+07 1.88774e+07 1.88774e+07 1.88774e+07 1.88774e+07 
L1 DCM: 59154033618 
L2 DCM: 54443659010 
DP OPS 463856467969 
L2 DCR: 12566427431 
Time: 137.776 seconds
Result matrix: 
1.88774e+07 1.88774e+07 1.88774e+07 1.88774e+07 1.88774e+07 1.88774e+07 1.88774e+07 1.88774e+07 1.88774e+07 1.88774e+07 1.88774e+07 1.88774e+07 1.88774e+07 1.88774e+07 1.88774e+07 1.88774e+07 1.88774e+07 1.88774e+07 1.88774e+07 1.88774e+07 1.88774e+07 1.88774e+07 1.88774e+07 1.88774e+07 1.88774e+07 1.88774e+07 1.88774e+07 1.88774e+07 1.88774e+07 1.88774e+07 1.88774e+07 1.88774e+07 1.88774e+07 1.88774e+07 1.88774e+07 1.88774e+07 1.88774e+07 1.88774e+07 1.88774e+07 1.88774e+07 1.88774e+07 1.88774e+07 1.88774e+07 1.88774e+07 1.88774e+07 1.88774e+07 1.88774e+07 1.88774e+07 1.88774e+07 1.88774e+07 1.88774e+07 1.88774e+07 1.88774e+07 1.88774e+07 1.88774e+07 1.88774e+07 1.88774e+07 1.88774e+07 1.88774e+07 1.88774e+07 1.88774e+07 1.88774e+07 1.88774e+07 1.88774e+07 1.88774e+07 1.88774e+07 1.88774e+07 1.88774e+07 1.88774e+07 1.88774e+07 1.88774e+07 1.88774e+07 1.88774e+07 1.88774e+07 1.88774e+07 1.88774e+07 1.88774e+07 1.88774e+07 1.88774e+07 1.88774e+07 1.88774e+07 1.88774e+07 1.88774e+07 1.88774e+07 1.88774e+07 1.88774e+07 1.88774e+07 1.88774e+07 1.88774e+07 1.88774e+07 1.88774e+07 1.88774e+07 1.88774e+07 1.88774e+07 1.88774e+07 1.88774e+07 1.88774e+07 1.88774e+07 1.88774e+07 1.88774e+07 1.88774e+07 1.88774e+07 1.88774e+07 1.88774e+07 1.88774e+07 1.88774e+07 1.88774e+07 1.88774e+07 1.88774e+07 1.88774e+07 1.88774e+07 1.88774e+07 1.88774e+07 1.88774e+07 1.88774e+07 1.88774e+07 1.88774e+07 1.88774e+07 1.88774e+07 1.88774e+07 1.88774e+07 1.88774e+07 1.88774e+07 1.88774e+07 1.88774e+07 1.88774e+07 1.88774e+07 1.88774e+07 1.88774e+07 1.88774e+07 1.88774e+07 1.88774e+07 1.88774e+07 1.88774e+07 1.88774e+07 1.88774e+07 1.88774e+07 1.88774e+07 1.88774e+07 1.88774e+07 1.88774e+07 1.88774e+07 1.88774e+07 1.88774e+07 1.88774e+07 1.88774e+07 1.88774e+07 1.88774e+07 1.88774e+07 1.88774e+07 1.88774e+07 1.88774e+07 1.88774e+07 1.88774e+07 1.88774e+07 1.88774e+07 1.88774e+07 1.88774e+07 1.88774e+07 1.88774e+07 1.88774e+07 1.88774e+07 1.88774e+07 1.88774e+07 1.88774e+07 1.88774e+07 1.88774e+07 1.88774e+07 1.88774e+07 1.88774e+07 1.88774e+07 1.88774e+07 1.88774e+07 1.88774e+07 1.88774e+07 1.88774e+07 1.88774e+07 1.88774e+07 1.88774e+07 1.88774e+07 1.88774e+07 1.88774e+07 1.88774e+07 1.88774e+07 1.88774e+07 1.88774e+07 1.88774e+07 1.88774e+07 1.88774e+07 1.88774e+07 1.88774e+07 1.88774e+07 1.88774e+07 1.88774e+07 1.88774e+07 1.88774e+07 1.88774e+07 1.88774e+07 1.88774e+07 1.88774e+07 
L1 DCM: 59149064069 
L2 DCM: 54401141419 
DP OPS 463856467969 
L2 DCR: 12563276213 
Time: 138.249 seconds
Result matrix: 
1.88774e+07 1.88774e+07 1.88774e+07 1.88774e+07 1.88774e+07 1.88774e+07 1.88774e+07 1.88774e+07 1.88774e+07 1.88774e+07 1.88774e+07 1.88774e+07 1.88774e+07 1.88774e+07 1.88774e+07 1.88774e+07 1.88774e+07 1.88774e+07 1.88774e+07 1.88774e+07 1.88774e+07 1.88774e+07 1.88774e+07 1.88774e+07 1.88774e+07 1.88774e+07 1.88774e+07 1.88774e+07 1.88774e+07 1.88774e+07 1.88774e+07 1.88774e+07 1.88774e+07 1.88774e+07 1.88774e+07 1.88774e+07 1.88774e+07 1.88774e+07 1.88774e+07 1.88774e+07 1.88774e+07 1.88774e+07 1.88774e+07 1.88774e+07 1.88774e+07 1.88774e+07 1.88774e+07 1.88774e+07 1.88774e+07 1.88774e+07 1.88774e+07 1.88774e+07 1.88774e+07 1.88774e+07 1.88774e+07 1.88774e+07 1.88774e+07 1.88774e+07 1.88774e+07 1.88774e+07 1.88774e+07 1.88774e+07 1.88774e+07 1.88774e+07 1.88774e+07 1.88774e+07 1.88774e+07 1.88774e+07 1.88774e+07 1.88774e+07 1.88774e+07 1.88774e+07 1.88774e+07 1.88774e+07 1.88774e+07 1.88774e+07 1.88774e+07 1.88774e+07 1.88774e+07 1.88774e+07 1.88774e+07 1.88774e+07 1.88774e+07 1.88774e+07 1.88774e+07 1.88774e+07 1.88774e+07 1.88774e+07 1.88774e+07 1.88774e+07 1.88774e+07 1.88774e+07 1.88774e+07 1.88774e+07 1.88774e+07 1.88774e+07 1.88774e+07 1.88774e+07 1.88774e+07 1.88774e+07 1.88774e+07 1.88774e+07 1.88774e+07 1.88774e+07 1.88774e+07 1.88774e+07 1.88774e+07 1.88774e+07 1.88774e+07 1.88774e+07 1.88774e+07 1.88774e+07 1.88774e+07 1.88774e+07 1.88774e+07 1.88774e+07 1.88774e+07 1.88774e+07 1.88774e+07 1.88774e+07 1.88774e+07 1.88774e+07 1.88774e+07 1.88774e+07 1.88774e+07 1.88774e+07 1.88774e+07 1.88774e+07 1.88774e+07 1.88774e+07 1.88774e+07 1.88774e+07 1.88774e+07 1.88774e+07 1.88774e+07 1.88774e+07 1.88774e+07 1.88774e+07 1.88774e+07 1.88774e+07 1.88774e+07 1.88774e+07 1.88774e+07 1.88774e+07 1.88774e+07 1.88774e+07 1.88774e+07 1.88774e+07 1.88774e+07 1.88774e+07 1.88774e+07 1.88774e+07 1.88774e+07 1.88774e+07 1.88774e+07 1.88774e+07 1.88774e+07 1.88774e+07 1.88774e+07 1.88774e+07 1.88774e+07 1.88774e+07 1.88774e+07 1.88774e+07 1.88774e+07 1.88774e+07 1.88774e+07 1.88774e+07 1.88774e+07 1.88774e+07 1.88774e+07 1.88774e+07 1.88774e+07 1.88774e+07 1.88774e+07 1.88774e+07 1.88774e+07 1.88774e+07 1.88774e+07 1.88774e+07 1.88774e+07 1.88774e+07 1.88774e+07 1.88774e+07 1.88774e+07 1.88774e+07 1.88774e+07 1.88774e+07 1.88774e+07 1.88774e+07 1.88774e+07 1.88774e+07 1.88774e+07 1.88774e+07 1.88774e+07 1.88774e+07 1.88774e+07 1.88774e+07 1.88774e+07 1.88774e+07 
L1 DCM: 59150623022 
L2 DCM: 54398816372 
DP OPS 463856467969 
L2 DCR: 12577780582 
Time: 143.832 seconds
Result matrix: 
1.88774e+07 1.88774e+07 1.88774e+07 1.88774e+07 1.88774e+07 1.88774e+07 1.88774e+07 1.88774e+07 1.88774e+07 1.88774e+07 1.88774e+07 1.88774e+07 1.88774e+07 1.88774e+07 1.88774e+07 1.88774e+07 1.88774e+07 1.88774e+07 1.88774e+07 1.88774e+07 1.88774e+07 1.88774e+07 1.88774e+07 1.88774e+07 1.88774e+07 1.88774e+07 1.88774e+07 1.88774e+07 1.88774e+07 1.88774e+07 1.88774e+07 1.88774e+07 1.88774e+07 1.88774e+07 1.88774e+07 1.88774e+07 1.88774e+07 1.88774e+07 1.88774e+07 1.88774e+07 1.88774e+07 1.88774e+07 1.88774e+07 1.88774e+07 1.88774e+07 1.88774e+07 1.88774e+07 1.88774e+07 1.88774e+07 1.88774e+07 1.88774e+07 1.88774e+07 1.88774e+07 1.88774e+07 1.88774e+07 1.88774e+07 1.88774e+07 1.88774e+07 1.88774e+07 1.88774e+07 1.88774e+07 1.88774e+07 1.88774e+07 1.88774e+07 1.88774e+07 1.88774e+07 1.88774e+07 1.88774e+07 1.88774e+07 1.88774e+07 1.88774e+07 1.88774e+07 1.88774e+07 1.88774e+07 1.88774e+07 1.88774e+07 1.88774e+07 1.88774e+07 1.88774e+07 1.88774e+07 1.88774e+07 1.88774e+07 1.88774e+07 1.88774e+07 1.88774e+07 1.88774e+07 1.88774e+07 1.88774e+07 1.88774e+07 1.88774e+07 1.88774e+07 1.88774e+07 1.88774e+07 1.88774e+07 1.88774e+07 1.88774e+07 1.88774e+07 1.88774e+07 1.88774e+07 1.88774e+07 1.88774e+07 1.88774e+07 1.88774e+07 1.88774e+07 1.88774e+07 1.88774e+07 1.88774e+07 1.88774e+07 1.88774e+07 1.88774e+07 1.88774e+07 1.88774e+07 1.88774e+07 1.88774e+07 1.88774e+07 1.88774e+07 1.88774e+07 1.88774e+07 1.88774e+07 1.88774e+07 1.88774e+07 1.88774e+07 1.88774e+07 1.88774e+07 1.88774e+07 1.88774e+07 1.88774e+07 1.88774e+07 1.88774e+07 1.88774e+07 1.88774e+07 1.88774e+07 1.88774e+07 1.88774e+07 1.88774e+07 1.88774e+07 1.88774e+07 1.88774e+07 1.88774e+07 1.88774e+07 1.88774e+07 1.88774e+07 1.88774e+07 1.88774e+07 1.88774e+07 1.88774e+07 1.88774e+07 1.88774e+07 1.88774e+07 1.88774e+07 1.88774e+07 1.88774e+07 1.88774e+07 1.88774e+07 1.88774e+07 1.88774e+07 1.88774e+07 1.88774e+07 1.88774e+07 1.88774e+07 1.88774e+07 1.88774e+07 1.88774e+07 1.88774e+07 1.88774e+07 1.88774e+07 1.88774e+07 1.88774e+07 1.88774e+07 1.88774e+07 1.88774e+07 1.88774e+07 1.88774e+07 1.88774e+07 1.88774e+07 1.88774e+07 1.88774e+07 1.88774e+07 1.88774e+07 1.88774e+07 1.88774e+07 1.88774e+07 1.88774e+07 1.88774e+07 1.88774e+07 1.88774e+07 1.88774e+07 1.88774e+07 1.88774e+07 1.88774e+07 1.88774e+07 1.88774e+07 1.88774e+07 1.88774e+07 1.88774e+07 1.88774e+07 1.88774e+07 1.88774e+07 1.88774e+07 1.88774e+07 
L1 DCM: 59151999246 
L2 DCM: 54455952699 
DP OPS 463856467969 
L2 DCR: 12661878074 
Time: 138.698 seconds
Result matrix: 
1.88774e+07 1.88774e+07 1.88774e+07 1.88774e+07 1.88774e+07 1.88774e+07 1.88774e+07 1.88774e+07 1.88774e+07 1.88774e+07 1.88774e+07 1.88774e+07 1.88774e+07 1.88774e+07 1.88774e+07 1.88774e+07 1.88774e+07 1.88774e+07 1.88774e+07 1.88774e+07 1.88774e+07 1.88774e+07 1.88774e+07 1.88774e+07 1.88774e+07 1.88774e+07 1.88774e+07 1.88774e+07 1.88774e+07 1.88774e+07 1.88774e+07 1.88774e+07 1.88774e+07 1.88774e+07 1.88774e+07 1.88774e+07 1.88774e+07 1.88774e+07 1.88774e+07 1.88774e+07 1.88774e+07 1.88774e+07 1.88774e+07 1.88774e+07 1.88774e+07 1.88774e+07 1.88774e+07 1.88774e+07 1.88774e+07 1.88774e+07 1.88774e+07 1.88774e+07 1.88774e+07 1.88774e+07 1.88774e+07 1.88774e+07 1.88774e+07 1.88774e+07 1.88774e+07 1.88774e+07 1.88774e+07 1.88774e+07 1.88774e+07 1.88774e+07 1.88774e+07 1.88774e+07 1.88774e+07 1.88774e+07 1.88774e+07 1.88774e+07 1.88774e+07 1.88774e+07 1.88774e+07 1.88774e+07 1.88774e+07 1.88774e+07 1.88774e+07 1.88774e+07 1.88774e+07 1.88774e+07 1.88774e+07 1.88774e+07 1.88774e+07 1.88774e+07 1.88774e+07 1.88774e+07 1.88774e+07 1.88774e+07 1.88774e+07 1.88774e+07 1.88774e+07 1.88774e+07 1.88774e+07 1.88774e+07 1.88774e+07 1.88774e+07 1.88774e+07 1.88774e+07 1.88774e+07 1.88774e+07 1.88774e+07 1.88774e+07 1.88774e+07 1.88774e+07 1.88774e+07 1.88774e+07 1.88774e+07 1.88774e+07 1.88774e+07 1.88774e+07 1.88774e+07 1.88774e+07 1.88774e+07 1.88774e+07 1.88774e+07 1.88774e+07 1.88774e+07 1.88774e+07 1.88774e+07 1.88774e+07 1.88774e+07 1.88774e+07 1.88774e+07 1.88774e+07 1.88774e+07 1.88774e+07 1.88774e+07 1.88774e+07 1.88774e+07 1.88774e+07 1.88774e+07 1.88774e+07 1.88774e+07 1.88774e+07 1.88774e+07 1.88774e+07 1.88774e+07 1.88774e+07 1.88774e+07 1.88774e+07 1.88774e+07 1.88774e+07 1.88774e+07 1.88774e+07 1.88774e+07 1.88774e+07 1.88774e+07 1.88774e+07 1.88774e+07 1.88774e+07 1.88774e+07 1.88774e+07 1.88774e+07 1.88774e+07 1.88774e+07 1.88774e+07 1.88774e+07 1.88774e+07 1.88774e+07 1.88774e+07 1.88774e+07 1.88774e+07 1.88774e+07 1.88774e+07 1.88774e+07 1.88774e+07 1.88774e+07 1.88774e+07 1.88774e+07 1.88774e+07 1.88774e+07 1.88774e+07 1.88774e+07 1.88774e+07 1.88774e+07 1.88774e+07 1.88774e+07 1.88774e+07 1.88774e+07 1.88774e+07 1.88774e+07 1.88774e+07 1.88774e+07 1.88774e+07 1.88774e+07 1.88774e+07 1.88774e+07 1.88774e+07 1.88774e+07 1.88774e+07 1.88774e+07 1.88774e+07 1.88774e+07 1.88774e+07 1.88774e+07 1.88774e+07 1.88774e+07 1.88774e+07 1.88774e+07 1.88774e+07 
L1 DCM: 59151840716 
L2 DCM: 54436475948 
DP OPS 463856467969 
L2 DCR: 12589541361 
Time: 140.119 seconds
Result matrix: 
1.88774e+07 1.88774e+07 1.88774e+07 1.88774e+07 1.88774e+07 1.88774e+07 1.88774e+07 1.88774e+07 1.88774e+07 1.88774e+07 1.88774e+07 1.88774e+07 1.88774e+07 1.88774e+07 1.88774e+07 1.88774e+07 1.88774e+07 1.88774e+07 1.88774e+07 1.88774e+07 1.88774e+07 1.88774e+07 1.88774e+07 1.88774e+07 1.88774e+07 1.88774e+07 1.88774e+07 1.88774e+07 1.88774e+07 1.88774e+07 1.88774e+07 1.88774e+07 1.88774e+07 1.88774e+07 1.88774e+07 1.88774e+07 1.88774e+07 1.88774e+07 1.88774e+07 1.88774e+07 1.88774e+07 1.88774e+07 1.88774e+07 1.88774e+07 1.88774e+07 1.88774e+07 1.88774e+07 1.88774e+07 1.88774e+07 1.88774e+07 1.88774e+07 1.88774e+07 1.88774e+07 1.88774e+07 1.88774e+07 1.88774e+07 1.88774e+07 1.88774e+07 1.88774e+07 1.88774e+07 1.88774e+07 1.88774e+07 1.88774e+07 1.88774e+07 1.88774e+07 1.88774e+07 1.88774e+07 1.88774e+07 1.88774e+07 1.88774e+07 1.88774e+07 1.88774e+07 1.88774e+07 1.88774e+07 1.88774e+07 1.88774e+07 1.88774e+07 1.88774e+07 1.88774e+07 1.88774e+07 1.88774e+07 1.88774e+07 1.88774e+07 1.88774e+07 1.88774e+07 1.88774e+07 1.88774e+07 1.88774e+07 1.88774e+07 1.88774e+07 1.88774e+07 1.88774e+07 1.88774e+07 1.88774e+07 1.88774e+07 1.88774e+07 1.88774e+07 1.88774e+07 1.88774e+07 1.88774e+07 1.88774e+07 1.88774e+07 1.88774e+07 1.88774e+07 1.88774e+07 1.88774e+07 1.88774e+07 1.88774e+07 1.88774e+07 1.88774e+07 1.88774e+07 1.88774e+07 1.88774e+07 1.88774e+07 1.88774e+07 1.88774e+07 1.88774e+07 1.88774e+07 1.88774e+07 1.88774e+07 1.88774e+07 1.88774e+07 1.88774e+07 1.88774e+07 1.88774e+07 1.88774e+07 1.88774e+07 1.88774e+07 1.88774e+07 1.88774e+07 1.88774e+07 1.88774e+07 1.88774e+07 1.88774e+07 1.88774e+07 1.88774e+07 1.88774e+07 1.88774e+07 1.88774e+07 1.88774e+07 1.88774e+07 1.88774e+07 1.88774e+07 1.88774e+07 1.88774e+07 1.88774e+07 1.88774e+07 1.88774e+07 1.88774e+07 1.88774e+07 1.88774e+07 1.88774e+07 1.88774e+07 1.88774e+07 1.88774e+07 1.88774e+07 1.88774e+07 1.88774e+07 1.88774e+07 1.88774e+07 1.88774e+07 1.88774e+07 1.88774e+07 1.88774e+07 1.88774e+07 1.88774e+07 1.88774e+07 1.88774e+07 1.88774e+07 1.88774e+07 1.88774e+07 1.88774e+07 1.88774e+07 1.88774e+07 1.88774e+07 1.88774e+07 1.88774e+07 1.88774e+07 1.88774e+07 1.88774e+07 1.88774e+07 1.88774e+07 1.88774e+07 1.88774e+07 1.88774e+07 1.88774e+07 1.88774e+07 1.88774e+07 1.88774e+07 1.88774e+07 1.88774e+07 1.88774e+07 1.88774e+07 1.88774e+07 1.88774e+07 1.88774e+07 1.88774e+07 1.88774e+07 1.88774e+07 1.88774e+07 
L1 DCM: 59148807358 
L2 DCM: 54414991200 
DP OPS 463856467969 
L2 DCR: 12117559622 
Time: 141.302 seconds
Result matrix: 
1.88774e+07 1.88774e+07 1.88774e+07 1.88774e+07 1.88774e+07 1.88774e+07 1.88774e+07 1.88774e+07 1.88774e+07 1.88774e+07 1.88774e+07 1.88774e+07 1.88774e+07 1.88774e+07 1.88774e+07 1.88774e+07 1.88774e+07 1.88774e+07 1.88774e+07 1.88774e+07 1.88774e+07 1.88774e+07 1.88774e+07 1.88774e+07 1.88774e+07 1.88774e+07 1.88774e+07 1.88774e+07 1.88774e+07 1.88774e+07 1.88774e+07 1.88774e+07 1.88774e+07 1.88774e+07 1.88774e+07 1.88774e+07 1.88774e+07 1.88774e+07 1.88774e+07 1.88774e+07 1.88774e+07 1.88774e+07 1.88774e+07 1.88774e+07 1.88774e+07 1.88774e+07 1.88774e+07 1.88774e+07 1.88774e+07 1.88774e+07 1.88774e+07 1.88774e+07 1.88774e+07 1.88774e+07 1.88774e+07 1.88774e+07 1.88774e+07 1.88774e+07 1.88774e+07 1.88774e+07 1.88774e+07 1.88774e+07 1.88774e+07 1.88774e+07 1.88774e+07 1.88774e+07 1.88774e+07 1.88774e+07 1.88774e+07 1.88774e+07 1.88774e+07 1.88774e+07 1.88774e+07 1.88774e+07 1.88774e+07 1.88774e+07 1.88774e+07 1.88774e+07 1.88774e+07 1.88774e+07 1.88774e+07 1.88774e+07 1.88774e+07 1.88774e+07 1.88774e+07 1.88774e+07 1.88774e+07 1.88774e+07 1.88774e+07 1.88774e+07 1.88774e+07 1.88774e+07 1.88774e+07 1.88774e+07 1.88774e+07 1.88774e+07 1.88774e+07 1.88774e+07 1.88774e+07 1.88774e+07 1.88774e+07 1.88774e+07 1.88774e+07 1.88774e+07 1.88774e+07 1.88774e+07 1.88774e+07 1.88774e+07 1.88774e+07 1.88774e+07 1.88774e+07 1.88774e+07 1.88774e+07 1.88774e+07 1.88774e+07 1.88774e+07 1.88774e+07 1.88774e+07 1.88774e+07 1.88774e+07 1.88774e+07 1.88774e+07 1.88774e+07 1.88774e+07 1.88774e+07 1.88774e+07 1.88774e+07 1.88774e+07 1.88774e+07 1.88774e+07 1.88774e+07 1.88774e+07 1.88774e+07 1.88774e+07 1.88774e+07 1.88774e+07 1.88774e+07 1.88774e+07 1.88774e+07 1.88774e+07 1.88774e+07 1.88774e+07 1.88774e+07 1.88774e+07 1.88774e+07 1.88774e+07 1.88774e+07 1.88774e+07 1.88774e+07 1.88774e+07 1.88774e+07 1.88774e+07 1.88774e+07 1.88774e+07 1.88774e+07 1.88774e+07 1.88774e+07 1.88774e+07 1.88774e+07 1.88774e+07 1.88774e+07 1.88774e+07 1.88774e+07 1.88774e+07 1.88774e+07 1.88774e+07 1.88774e+07 1.88774e+07 1.88774e+07 1.88774e+07 1.88774e+07 1.88774e+07 1.88774e+07 1.88774e+07 1.88774e+07 1.88774e+07 1.88774e+07 1.88774e+07 1.88774e+07 1.88774e+07 1.88774e+07 1.88774e+07 1.88774e+07 1.88774e+07 1.88774e+07 1.88774e+07 1.88774e+07 1.88774e+07 1.88774e+07 1.88774e+07 1.88774e+07 1.88774e+07 1.88774e+07 1.88774e+07 1.88774e+07 1.88774e+07 1.88774e+07 1.88774e+07 1.88774e+07 1.88774e+07 
L1 DCM: 59158837946 
L2 DCM: 54438827664 
DP OPS 463856467969 
L2 DCR: 12642254578 
Time: 137.493 seconds
Result matrix: 
1.88774e+07 1.88774e+07 1.88774e+07 1.88774e+07 1.88774e+07 1.88774e+07 1.88774e+07 1.88774e+07 1.88774e+07 1.88774e+07 1.88774e+07 1.88774e+07 1.88774e+07 1.88774e+07 1.88774e+07 1.88774e+07 1.88774e+07 1.88774e+07 1.88774e+07 1.88774e+07 1.88774e+07 1.88774e+07 1.88774e+07 1.88774e+07 1.88774e+07 1.88774e+07 1.88774e+07 1.88774e+07 1.88774e+07 1.88774e+07 1.88774e+07 1.88774e+07 1.88774e+07 1.88774e+07 1.88774e+07 1.88774e+07 1.88774e+07 1.88774e+07 1.88774e+07 1.88774e+07 1.88774e+07 1.88774e+07 1.88774e+07 1.88774e+07 1.88774e+07 1.88774e+07 1.88774e+07 1.88774e+07 1.88774e+07 1.88774e+07 1.88774e+07 1.88774e+07 1.88774e+07 1.88774e+07 1.88774e+07 1.88774e+07 1.88774e+07 1.88774e+07 1.88774e+07 1.88774e+07 1.88774e+07 1.88774e+07 1.88774e+07 1.88774e+07 1.88774e+07 1.88774e+07 1.88774e+07 1.88774e+07 1.88774e+07 1.88774e+07 1.88774e+07 1.88774e+07 1.88774e+07 1.88774e+07 1.88774e+07 1.88774e+07 1.88774e+07 1.88774e+07 1.88774e+07 1.88774e+07 1.88774e+07 1.88774e+07 1.88774e+07 1.88774e+07 1.88774e+07 1.88774e+07 1.88774e+07 1.88774e+07 1.88774e+07 1.88774e+07 1.88774e+07 1.88774e+07 1.88774e+07 1.88774e+07 1.88774e+07 1.88774e+07 1.88774e+07 1.88774e+07 1.88774e+07 1.88774e+07 1.88774e+07 1.88774e+07 1.88774e+07 1.88774e+07 1.88774e+07 1.88774e+07 1.88774e+07 1.88774e+07 1.88774e+07 1.88774e+07 1.88774e+07 1.88774e+07 1.88774e+07 1.88774e+07 1.88774e+07 1.88774e+07 1.88774e+07 1.88774e+07 1.88774e+07 1.88774e+07 1.88774e+07 1.88774e+07 1.88774e+07 1.88774e+07 1.88774e+07 1.88774e+07 1.88774e+07 1.88774e+07 1.88774e+07 1.88774e+07 1.88774e+07 1.88774e+07 1.88774e+07 1.88774e+07 1.88774e+07 1.88774e+07 1.88774e+07 1.88774e+07 1.88774e+07 1.88774e+07 1.88774e+07 1.88774e+07 1.88774e+07 1.88774e+07 1.88774e+07 1.88774e+07 1.88774e+07 1.88774e+07 1.88774e+07 1.88774e+07 1.88774e+07 1.88774e+07 1.88774e+07 1.88774e+07 1.88774e+07 1.88774e+07 1.88774e+07 1.88774e+07 1.88774e+07 1.88774e+07 1.88774e+07 1.88774e+07 1.88774e+07 1.88774e+07 1.88774e+07 1.88774e+07 1.88774e+07 1.88774e+07 1.88774e+07 1.88774e+07 1.88774e+07 1.88774e+07 1.88774e+07 1.88774e+07 1.88774e+07 1.88774e+07 1.88774e+07 1.88774e+07 1.88774e+07 1.88774e+07 1.88774e+07 1.88774e+07 1.88774e+07 1.88774e+07 1.88774e+07 1.88774e+07 1.88774e+07 1.88774e+07 1.88774e+07 1.88774e+07 1.88774e+07 1.88774e+07 1.88774e+07 1.88774e+07 1.88774e+07 1.88774e+07 1.88774e+07 1.88774e+07 1.88774e+07 1.88774e+07 
L1 DCM: 59150106579 
L2 DCM: 54410300144 
DP OPS 463856467969 
L2 DCR: 11963465366 
Time: 146.089 seconds
Result matrix: 
1.88774e+07 1.88774e+07 1.88774e+07 1.88774e+07 1.88774e+07 1.88774e+07 1.88774e+07 1.88774e+07 1.88774e+07 1.88774e+07 1.88774e+07 1.88774e+07 1.88774e+07 1.88774e+07 1.88774e+07 1.88774e+07 1.88774e+07 1.88774e+07 1.88774e+07 1.88774e+07 1.88774e+07 1.88774e+07 1.88774e+07 1.88774e+07 1.88774e+07 1.88774e+07 1.88774e+07 1.88774e+07 1.88774e+07 1.88774e+07 1.88774e+07 1.88774e+07 1.88774e+07 1.88774e+07 1.88774e+07 1.88774e+07 1.88774e+07 1.88774e+07 1.88774e+07 1.88774e+07 1.88774e+07 1.88774e+07 1.88774e+07 1.88774e+07 1.88774e+07 1.88774e+07 1.88774e+07 1.88774e+07 1.88774e+07 1.88774e+07 1.88774e+07 1.88774e+07 1.88774e+07 1.88774e+07 1.88774e+07 1.88774e+07 1.88774e+07 1.88774e+07 1.88774e+07 1.88774e+07 1.88774e+07 1.88774e+07 1.88774e+07 1.88774e+07 1.88774e+07 1.88774e+07 1.88774e+07 1.88774e+07 1.88774e+07 1.88774e+07 1.88774e+07 1.88774e+07 1.88774e+07 1.88774e+07 1.88774e+07 1.88774e+07 1.88774e+07 1.88774e+07 1.88774e+07 1.88774e+07 1.88774e+07 1.88774e+07 1.88774e+07 1.88774e+07 1.88774e+07 1.88774e+07 1.88774e+07 1.88774e+07 1.88774e+07 1.88774e+07 1.88774e+07 1.88774e+07 1.88774e+07 1.88774e+07 1.88774e+07 1.88774e+07 1.88774e+07 1.88774e+07 1.88774e+07 1.88774e+07 1.88774e+07 1.88774e+07 1.88774e+07 1.88774e+07 1.88774e+07 1.88774e+07 1.88774e+07 1.88774e+07 1.88774e+07 1.88774e+07 1.88774e+07 1.88774e+07 1.88774e+07 1.88774e+07 1.88774e+07 1.88774e+07 1.88774e+07 1.88774e+07 1.88774e+07 1.88774e+07 1.88774e+07 1.88774e+07 1.88774e+07 1.88774e+07 1.88774e+07 1.88774e+07 1.88774e+07 1.88774e+07 1.88774e+07 1.88774e+07 1.88774e+07 1.88774e+07 1.88774e+07 1.88774e+07 1.88774e+07 1.88774e+07 1.88774e+07 1.88774e+07 1.88774e+07 1.88774e+07 1.88774e+07 1.88774e+07 1.88774e+07 1.88774e+07 1.88774e+07 1.88774e+07 1.88774e+07 1.88774e+07 1.88774e+07 1.88774e+07 1.88774e+07 1.88774e+07 1.88774e+07 1.88774e+07 1.88774e+07 1.88774e+07 1.88774e+07 1.88774e+07 1.88774e+07 1.88774e+07 1.88774e+07 1.88774e+07 1.88774e+07 1.88774e+07 1.88774e+07 1.88774e+07 1.88774e+07 1.88774e+07 1.88774e+07 1.88774e+07 1.88774e+07 1.88774e+07 1.88774e+07 1.88774e+07 1.88774e+07 1.88774e+07 1.88774e+07 1.88774e+07 1.88774e+07 1.88774e+07 1.88774e+07 1.88774e+07 1.88774e+07 1.88774e+07 1.88774e+07 1.88774e+07 1.88774e+07 1.88774e+07 1.88774e+07 1.88774e+07 1.88774e+07 1.88774e+07 1.88774e+07 1.88774e+07 1.88774e+07 1.88774e+07 1.88774e+07 1.88774e+07 1.88774e+07 1.88774e+07 
L1 DCM: 59162695903 
L2 DCM: 54445053556 
DP OPS 463856467969 
L2 DCR: 12686774148 

1. Multiplication
2. Line Multiplication
3. Block Multiplication
Selection?: Dimensions: lins=cols ? Time: 340.145 seconds
Result matrix: 
3.35585e+07 3.35585e+07 3.35585e+07 3.35585e+07 3.35585e+07 3.35585e+07 3.35585e+07 3.35585e+07 3.35585e+07 3.35585e+07 3.35585e+07 3.35585e+07 3.35585e+07 3.35585e+07 3.35585e+07 3.35585e+07 3.35585e+07 3.35585e+07 3.35585e+07 3.35585e+07 3.35585e+07 3.35585e+07 3.35585e+07 3.35585e+07 3.35585e+07 3.35585e+07 3.35585e+07 3.35585e+07 3.35585e+07 3.35585e+07 3.35585e+07 3.35585e+07 3.35585e+07 3.35585e+07 3.35585e+07 3.35585e+07 3.35585e+07 3.35585e+07 3.35585e+07 3.35585e+07 3.35585e+07 3.35585e+07 3.35585e+07 3.35585e+07 3.35585e+07 3.35585e+07 3.35585e+07 3.35585e+07 3.35585e+07 3.35585e+07 3.35585e+07 3.35585e+07 3.35585e+07 3.35585e+07 3.35585e+07 3.35585e+07 3.35585e+07 3.35585e+07 3.35585e+07 3.35585e+07 3.35585e+07 3.35585e+07 3.35585e+07 3.35585e+07 3.35585e+07 3.35585e+07 3.35585e+07 3.35585e+07 3.35585e+07 3.35585e+07 3.35585e+07 3.35585e+07 3.35585e+07 3.35585e+07 3.35585e+07 3.35585e+07 3.35585e+07 3.35585e+07 3.35585e+07 3.35585e+07 3.35585e+07 3.35585e+07 3.35585e+07 3.35585e+07 3.35585e+07 3.35585e+07 3.35585e+07 3.35585e+07 3.35585e+07 3.35585e+07 3.35585e+07 3.35585e+07 3.35585e+07 3.35585e+07 3.35585e+07 3.35585e+07 3.35585e+07 3.35585e+07 3.35585e+07 3.35585e+07 3.35585e+07 3.35585e+07 3.35585e+07 3.35585e+07 3.35585e+07 3.35585e+07 3.35585e+07 3.35585e+07 3.35585e+07 3.35585e+07 3.35585e+07 3.35585e+07 3.35585e+07 3.35585e+07 3.35585e+07 3.35585e+07 3.35585e+07 3.35585e+07 3.35585e+07 3.35585e+07 3.35585e+07 3.35585e+07 3.35585e+07 3.35585e+07 3.35585e+07 3.35585e+07 3.35585e+07 3.35585e+07 3.35585e+07 3.35585e+07 3.35585e+07 3.35585e+07 3.35585e+07 3.35585e+07 3.35585e+07 3.35585e+07 3.35585e+07 3.35585e+07 3.35585e+07 3.35585e+07 3.35585e+07 3.35585e+07 3.35585e+07 3.35585e+07 3.35585e+07 3.35585e+07 3.35585e+07 3.35585e+07 3.35585e+07 3.35585e+07 3.35585e+07 3.35585e+07 3.35585e+07 3.35585e+07 3.35585e+07 3.35585e+07 3.35585e+07 3.35585e+07 3.35585e+07 3.35585e+07 3.35585e+07 3.35585e+07 3.35585e+07 3.35585e+07 3.35585e+07 3.35585e+07 3.35585e+07 3.35585e+07 3.35585e+07 3.35585e+07 3.35585e+07 3.35585e+07 3.35585e+07 3.35585e+07 3.35585e+07 3.35585e+07 3.35585e+07 3.35585e+07 3.35585e+07 3.35585e+07 3.35585e+07 3.35585e+07 3.35585e+07 3.35585e+07 3.35585e+07 3.35585e+07 3.35585e+07 3.35585e+07 3.35585e+07 3.35585e+07 3.35585e+07 3.35585e+07 3.35585e+07 3.35585e+07 3.35585e+07 3.35585e+07 3.35585e+07 3.35585e+07 3.35585e+07 3.35585e+07 
L1 DCM: 140078762224 
L2 DCM: 126394097140 
DP OPS 1099511627777 
L2 DCR: 37479424916 
Time: 336.111 seconds
Result matrix: 
3.35585e+07 3.35585e+07 3.35585e+07 3.35585e+07 3.35585e+07 3.35585e+07 3.35585e+07 3.35585e+07 3.35585e+07 3.35585e+07 3.35585e+07 3.35585e+07 3.35585e+07 3.35585e+07 3.35585e+07 3.35585e+07 3.35585e+07 3.35585e+07 3.35585e+07 3.35585e+07 3.35585e+07 3.35585e+07 3.35585e+07 3.35585e+07 3.35585e+07 3.35585e+07 3.35585e+07 3.35585e+07 3.35585e+07 3.35585e+07 3.35585e+07 3.35585e+07 3.35585e+07 3.35585e+07 3.35585e+07 3.35585e+07 3.35585e+07 3.35585e+07 3.35585e+07 3.35585e+07 3.35585e+07 3.35585e+07 3.35585e+07 3.35585e+07 3.35585e+07 3.35585e+07 3.35585e+07 3.35585e+07 3.35585e+07 3.35585e+07 3.35585e+07 3.35585e+07 3.35585e+07 3.35585e+07 3.35585e+07 3.35585e+07 3.35585e+07 3.35585e+07 3.35585e+07 3.35585e+07 3.35585e+07 3.35585e+07 3.35585e+07 3.35585e+07 3.35585e+07 3.35585e+07 3.35585e+07 3.35585e+07 3.35585e+07 3.35585e+07 3.35585e+07 3.35585e+07 3.35585e+07 3.35585e+07 3.35585e+07 3.35585e+07 3.35585e+07 3.35585e+07 3.35585e+07 3.35585e+07 3.35585e+07 3.35585e+07 3.35585e+07 3.35585e+07 3.35585e+07 3.35585e+07 3.35585e+07 3.35585e+07 3.35585e+07 3.35585e+07 3.35585e+07 3.35585e+07 3.35585e+07 3.35585e+07 3.35585e+07 3.35585e+07 3.35585e+07 3.35585e+07 3.35585e+07 3.35585e+07 3.35585e+07 3.35585e+07 3.35585e+07 3.35585e+07 3.35585e+07 3.35585e+07 3.35585e+07 3.35585e+07 3.35585e+07 3.35585e+07 3.35585e+07 3.35585e+07 3.35585e+07 3.35585e+07 3.35585e+07 3.35585e+07 3.35585e+07 3.35585e+07 3.35585e+07 3.35585e+07 3.35585e+07 3.35585e+07 3.35585e+07 3.35585e+07 3.35585e+07 3.35585e+07 3.35585e+07 3.35585e+07 3.35585e+07 3.35585e+07 3.35585e+07 3.35585e+07 3.35585e+07 3.35585e+07 3.35585e+07 3.35585e+07 3.35585e+07 3.35585e+07 3.35585e+07 3.35585e+07 3.35585e+07 3.35585e+07 3.35585e+07 3.35585e+07 3.35585e+07 3.35585e+07 3.35585e+07 3.35585e+07 3.35585e+07 3.35585e+07 3.35585e+07 3.35585e+07 3.35585e+07 3.35585e+07 3.35585e+07 3.35585e+07 3.35585e+07 3.35585e+07 3.35585e+07 3.35585e+07 3.35585e+07 3.35585e+07 3.35585e+07 3.35585e+07 3.35585e+07 3.35585e+07 3.35585e+07 3.35585e+07 3.35585e+07 3.35585e+07 3.35585e+07 3.35585e+07 3.35585e+07 3.35585e+07 3.35585e+07 3.35585e+07 3.35585e+07 3.35585e+07 3.35585e+07 3.35585e+07 3.35585e+07 3.35585e+07 3.35585e+07 3.35585e+07 3.35585e+07 3.35585e+07 3.35585e+07 3.35585e+07 3.35585e+07 3.35585e+07 3.35585e+07 3.35585e+07 3.35585e+07 3.35585e+07 3.35585e+07 3.35585e+07 3.35585e+07 3.35585e+07 3.35585e+07 3.35585e+07 
L1 DCM: 140172612069 
L2 DCM: 127499704473 
DP OPS 1099511627777 
L2 DCR: 55123503290 
Time: 339.791 seconds
Result matrix: 
3.35585e+07 3.35585e+07 3.35585e+07 3.35585e+07 3.35585e+07 3.35585e+07 3.35585e+07 3.35585e+07 3.35585e+07 3.35585e+07 3.35585e+07 3.35585e+07 3.35585e+07 3.35585e+07 3.35585e+07 3.35585e+07 3.35585e+07 3.35585e+07 3.35585e+07 3.35585e+07 3.35585e+07 3.35585e+07 3.35585e+07 3.35585e+07 3.35585e+07 3.35585e+07 3.35585e+07 3.35585e+07 3.35585e+07 3.35585e+07 3.35585e+07 3.35585e+07 3.35585e+07 3.35585e+07 3.35585e+07 3.35585e+07 3.35585e+07 3.35585e+07 3.35585e+07 3.35585e+07 3.35585e+07 3.35585e+07 3.35585e+07 3.35585e+07 3.35585e+07 3.35585e+07 3.35585e+07 3.35585e+07 3.35585e+07 3.35585e+07 3.35585e+07 3.35585e+07 3.35585e+07 3.35585e+07 3.35585e+07 3.35585e+07 3.35585e+07 3.35585e+07 3.35585e+07 3.35585e+07 3.35585e+07 3.35585e+07 3.35585e+07 3.35585e+07 3.35585e+07 3.35585e+07 3.35585e+07 3.35585e+07 3.35585e+07 3.35585e+07 3.35585e+07 3.35585e+07 3.35585e+07 3.35585e+07 3.35585e+07 3.35585e+07 3.35585e+07 3.35585e+07 3.35585e+07 3.35585e+07 3.35585e+07 3.35585e+07 3.35585e+07 3.35585e+07 3.35585e+07 3.35585e+07 3.35585e+07 3.35585e+07 3.35585e+07 3.35585e+07 3.35585e+07 3.35585e+07 3.35585e+07 3.35585e+07 3.35585e+07 3.35585e+07 3.35585e+07 3.35585e+07 3.35585e+07 3.35585e+07 3.35585e+07 3.35585e+07 3.35585e+07 3.35585e+07 3.35585e+07 3.35585e+07 3.35585e+07 3.35585e+07 3.35585e+07 3.35585e+07 3.35585e+07 3.35585e+07 3.35585e+07 3.35585e+07 3.35585e+07 3.35585e+07 3.35585e+07 3.35585e+07 3.35585e+07 3.35585e+07 3.35585e+07 3.35585e+07 3.35585e+07 3.35585e+07 3.35585e+07 3.35585e+07 3.35585e+07 3.35585e+07 3.35585e+07 3.35585e+07 3.35585e+07 3.35585e+07 3.35585e+07 3.35585e+07 3.35585e+07 3.35585e+07 3.35585e+07 3.35585e+07 3.35585e+07 3.35585e+07 3.35585e+07 3.35585e+07 3.35585e+07 3.35585e+07 3.35585e+07 3.35585e+07 3.35585e+07 3.35585e+07 3.35585e+07 3.35585e+07 3.35585e+07 3.35585e+07 3.35585e+07 3.35585e+07 3.35585e+07 3.35585e+07 3.35585e+07 3.35585e+07 3.35585e+07 3.35585e+07 3.35585e+07 3.35585e+07 3.35585e+07 3.35585e+07 3.35585e+07 3.35585e+07 3.35585e+07 3.35585e+07 3.35585e+07 3.35585e+07 3.35585e+07 3.35585e+07 3.35585e+07 3.35585e+07 3.35585e+07 3.35585e+07 3.35585e+07 3.35585e+07 3.35585e+07 3.35585e+07 3.35585e+07 3.35585e+07 3.35585e+07 3.35585e+07 3.35585e+07 3.35585e+07 3.35585e+07 3.35585e+07 3.35585e+07 3.35585e+07 3.35585e+07 3.35585e+07 3.35585e+07 3.35585e+07 3.35585e+07 3.35585e+07 3.35585e+07 3.35585e+07 3.35585e+07 3.35585e+07 
L1 DCM: 140165290414 
L2 DCM: 127413533672 
DP OPS 1099511627777 
L2 DCR: 53589651294 
Time: 339.391 seconds
Result matrix: 
3.35585e+07 3.35585e+07 3.35585e+07 3.35585e+07 3.35585e+07 3.35585e+07 3.35585e+07 3.35585e+07 3.35585e+07 3.35585e+07 3.35585e+07 3.35585e+07 3.35585e+07 3.35585e+07 3.35585e+07 3.35585e+07 3.35585e+07 3.35585e+07 3.35585e+07 3.35585e+07 3.35585e+07 3.35585e+07 3.35585e+07 3.35585e+07 3.35585e+07 3.35585e+07 3.35585e+07 3.35585e+07 3.35585e+07 3.35585e+07 3.35585e+07 3.35585e+07 3.35585e+07 3.35585e+07 3.35585e+07 3.35585e+07 3.35585e+07 3.35585e+07 3.35585e+07 3.35585e+07 3.35585e+07 3.35585e+07 3.35585e+07 3.35585e+07 3.35585e+07 3.35585e+07 3.35585e+07 3.35585e+07 3.35585e+07 3.35585e+07 3.35585e+07 3.35585e+07 3.35585e+07 3.35585e+07 3.35585e+07 3.35585e+07 3.35585e+07 3.35585e+07 3.35585e+07 3.35585e+07 3.35585e+07 3.35585e+07 3.35585e+07 3.35585e+07 3.35585e+07 3.35585e+07 3.35585e+07 3.35585e+07 3.35585e+07 3.35585e+07 3.35585e+07 3.35585e+07 3.35585e+07 3.35585e+07 3.35585e+07 3.35585e+07 3.35585e+07 3.35585e+07 3.35585e+07 3.35585e+07 3.35585e+07 3.35585e+07 3.35585e+07 3.35585e+07 3.35585e+07 3.35585e+07 3.35585e+07 3.35585e+07 3.35585e+07 3.35585e+07 3.35585e+07 3.35585e+07 3.35585e+07 3.35585e+07 3.35585e+07 3.35585e+07 3.35585e+07 3.35585e+07 3.35585e+07 3.35585e+07 3.35585e+07 3.35585e+07 3.35585e+07 3.35585e+07 3.35585e+07 3.35585e+07 3.35585e+07 3.35585e+07 3.35585e+07 3.35585e+07 3.35585e+07 3.35585e+07 3.35585e+07 3.35585e+07 3.35585e+07 3.35585e+07 3.35585e+07 3.35585e+07 3.35585e+07 3.35585e+07 3.35585e+07 3.35585e+07 3.35585e+07 3.35585e+07 3.35585e+07 3.35585e+07 3.35585e+07 3.35585e+07 3.35585e+07 3.35585e+07 3.35585e+07 3.35585e+07 3.35585e+07 3.35585e+07 3.35585e+07 3.35585e+07 3.35585e+07 3.35585e+07 3.35585e+07 3.35585e+07 3.35585e+07 3.35585e+07 3.35585e+07 3.35585e+07 3.35585e+07 3.35585e+07 3.35585e+07 3.35585e+07 3.35585e+07 3.35585e+07 3.35585e+07 3.35585e+07 3.35585e+07 3.35585e+07 3.35585e+07 3.35585e+07 3.35585e+07 3.35585e+07 3.35585e+07 3.35585e+07 3.35585e+07 3.35585e+07 3.35585e+07 3.35585e+07 3.35585e+07 3.35585e+07 3.35585e+07 3.35585e+07 3.35585e+07 3.35585e+07 3.35585e+07 3.35585e+07 3.35585e+07 3.35585e+07 3.35585e+07 3.35585e+07 3.35585e+07 3.35585e+07 3.35585e+07 3.35585e+07 3.35585e+07 3.35585e+07 3.35585e+07 3.35585e+07 3.35585e+07 3.35585e+07 3.35585e+07 3.35585e+07 3.35585e+07 3.35585e+07 3.35585e+07 3.35585e+07 3.35585e+07 3.35585e+07 3.35585e+07 3.35585e+07 3.35585e+07 3.35585e+07 3.35585e+07 3.35585e+07 
L1 DCM: 140167459732 
L2 DCM: 127434205257 
DP OPS 1099511627777 
L2 DCR: 52984588666 
Time: 335.914 seconds
Result matrix: 
3.35585e+07 3.35585e+07 3.35585e+07 3.35585e+07 3.35585e+07 3.35585e+07 3.35585e+07 3.35585e+07 3.35585e+07 3.35585e+07 3.35585e+07 3.35585e+07 3.35585e+07 3.35585e+07 3.35585e+07 3.35585e+07 3.35585e+07 3.35585e+07 3.35585e+07 3.35585e+07 3.35585e+07 3.35585e+07 3.35585e+07 3.35585e+07 3.35585e+07 3.35585e+07 3.35585e+07 3.35585e+07 3.35585e+07 3.35585e+07 3.35585e+07 3.35585e+07 3.35585e+07 3.35585e+07 3.35585e+07 3.35585e+07 3.35585e+07 3.35585e+07 3.35585e+07 3.35585e+07 3.35585e+07 3.35585e+07 3.35585e+07 3.35585e+07 3.35585e+07 3.35585e+07 3.35585e+07 3.35585e+07 3.35585e+07 3.35585e+07 3.35585e+07 3.35585e+07 3.35585e+07 3.35585e+07 3.35585e+07 3.35585e+07 3.35585e+07 3.35585e+07 3.35585e+07 3.35585e+07 3.35585e+07 3.35585e+07 3.35585e+07 3.35585e+07 3.35585e+07 3.35585e+07 3.35585e+07 3.35585e+07 3.35585e+07 3.35585e+07 3.35585e+07 3.35585e+07 3.35585e+07 3.35585e+07 3.35585e+07 3.35585e+07 3.35585e+07 3.35585e+07 3.35585e+07 3.35585e+07 3.35585e+07 3.35585e+07 3.35585e+07 3.35585e+07 3.35585e+07 3.35585e+07 3.35585e+07 3.35585e+07 3.35585e+07 3.35585e+07 3.35585e+07 3.35585e+07 3.35585e+07 3.35585e+07 3.35585e+07 3.35585e+07 3.35585e+07 3.35585e+07 3.35585e+07 3.35585e+07 3.35585e+07 3.35585e+07 3.35585e+07 3.35585e+07 3.35585e+07 3.35585e+07 3.35585e+07 3.35585e+07 3.35585e+07 3.35585e+07 3.35585e+07 3.35585e+07 3.35585e+07 3.35585e+07 3.35585e+07 3.35585e+07 3.35585e+07 3.35585e+07 3.35585e+07 3.35585e+07 3.35585e+07 3.35585e+07 3.35585e+07 3.35585e+07 3.35585e+07 3.35585e+07 3.35585e+07 3.35585e+07 3.35585e+07 3.35585e+07 3.35585e+07 3.35585e+07 3.35585e+07 3.35585e+07 3.35585e+07 3.35585e+07 3.35585e+07 3.35585e+07 3.35585e+07 3.35585e+07 3.35585e+07 3.35585e+07 3.35585e+07 3.35585e+07 3.35585e+07 3.35585e+07 3.35585e+07 3.35585e+07 3.35585e+07 3.35585e+07 3.35585e+07 3.35585e+07 3.35585e+07 3.35585e+07 3.35585e+07 3.35585e+07 3.35585e+07 3.35585e+07 3.35585e+07 3.35585e+07 3.35585e+07 3.35585e+07 3.35585e+07 3.35585e+07 3.35585e+07 3.35585e+07 3.35585e+07 3.35585e+07 3.35585e+07 3.35585e+07 3.35585e+07 3.35585e+07 3.35585e+07 3.35585e+07 3.35585e+07 3.35585e+07 3.35585e+07 3.35585e+07 3.35585e+07 3.35585e+07 3.35585e+07 3.35585e+07 3.35585e+07 3.35585e+07 3.35585e+07 3.35585e+07 3.35585e+07 3.35585e+07 3.35585e+07 3.35585e+07 3.35585e+07 3.35585e+07 3.35585e+07 3.35585e+07 3.35585e+07 3.35585e+07 3.35585e+07 3.35585e+07 3.35585e+07 3.35585e+07 
L1 DCM: 140150272264 
L2 DCM: 127336694474 
DP OPS 1099511627777 
L2 DCR: 52778044469 
Time: 337.780 seconds
Result matrix: 
3.35585e+07 3.35585e+07 3.35585e+07 3.35585e+07 3.35585e+07 3.35585e+07 3.35585e+07 3.35585e+07 3.35585e+07 3.35585e+07 3.35585e+07 3.35585e+07 3.35585e+07 3.35585e+07 3.35585e+07 3.35585e+07 3.35585e+07 3.35585e+07 3.35585e+07 3.35585e+07 3.35585e+07 3.35585e+07 3.35585e+07 3.35585e+07 3.35585e+07 3.35585e+07 3.35585e+07 3.35585e+07 3.35585e+07 3.35585e+07 3.35585e+07 3.35585e+07 3.35585e+07 3.35585e+07 3.35585e+07 3.35585e+07 3.35585e+07 3.35585e+07 3.35585e+07 3.35585e+07 3.35585e+07 3.35585e+07 3.35585e+07 3.35585e+07 3.35585e+07 3.35585e+07 3.35585e+07 3.35585e+07 3.35585e+07 3.35585e+07 3.35585e+07 3.35585e+07 3.35585e+07 3.35585e+07 3.35585e+07 3.35585e+07 3.35585e+07 3.35585e+07 3.35585e+07 3.35585e+07 3.35585e+07 3.35585e+07 3.35585e+07 3.35585e+07 3.35585e+07 3.35585e+07 3.35585e+07 3.35585e+07 3.35585e+07 3.35585e+07 3.35585e+07 3.35585e+07 3.35585e+07 3.35585e+07 3.35585e+07 3.35585e+07 3.35585e+07 3.35585e+07 3.35585e+07 3.35585e+07 3.35585e+07 3.35585e+07 3.35585e+07 3.35585e+07 3.35585e+07 3.35585e+07 3.35585e+07 3.35585e+07 3.35585e+07 3.35585e+07 3.35585e+07 3.35585e+07 3.35585e+07 3.35585e+07 3.35585e+07 3.35585e+07 3.35585e+07 3.35585e+07 3.35585e+07 3.35585e+07 3.35585e+07 3.35585e+07 3.35585e+07 3.35585e+07 3.35585e+07 3.35585e+07 3.35585e+07 3.35585e+07 3.35585e+07 3.35585e+07 3.35585e+07 3.35585e+07 3.35585e+07 3.35585e+07 3.35585e+07 3.35585e+07 3.35585e+07 3.35585e+07 3.35585e+07 3.35585e+07 3.35585e+07 3.35585e+07 3.35585e+07 3.35585e+07 3.35585e+07 3.35585e+07 3.35585e+07 3.35585e+07 3.35585e+07 3.35585e+07 3.35585e+07 3.35585e+07 3.35585e+07 3.35585e+07 3.35585e+07 3.35585e+07 3.35585e+07 3.35585e+07 3.35585e+07 3.35585e+07 3.35585e+07 3.35585e+07 3.35585e+07 3.35585e+07 3.35585e+07 3.35585e+07 3.35585e+07 3.35585e+07 3.35585e+07 3.35585e+07 3.35585e+07 3.35585e+07 3.35585e+07 3.35585e+07 3.35585e+07 3.35585e+07 3.35585e+07 3.35585e+07 3.35585e+07 3.35585e+07 3.35585e+07 3.35585e+07 3.35585e+07 3.35585e+07 3.35585e+07 3.35585e+07 3.35585e+07 3.35585e+07 3.35585e+07 3.35585e+07 3.35585e+07 3.35585e+07 3.35585e+07 3.35585e+07 3.35585e+07 3.35585e+07 3.35585e+07 3.35585e+07 3.35585e+07 3.35585e+07 3.35585e+07 3.35585e+07 3.35585e+07 3.35585e+07 3.35585e+07 3.35585e+07 3.35585e+07 3.35585e+07 3.35585e+07 3.35585e+07 3.35585e+07 3.35585e+07 3.35585e+07 3.35585e+07 3.35585e+07 3.35585e+07 3.35585e+07 3.35585e+07 3.35585e+07 3.35585e+07 
L1 DCM: 140149405499 
L2 DCM: 127310789320 
DP OPS 1099511627777 
L2 DCR: 52612105818 
Time: 336.836 seconds
Result matrix: 
3.35585e+07 3.35585e+07 3.35585e+07 3.35585e+07 3.35585e+07 3.35585e+07 3.35585e+07 3.35585e+07 3.35585e+07 3.35585e+07 3.35585e+07 3.35585e+07 3.35585e+07 3.35585e+07 3.35585e+07 3.35585e+07 3.35585e+07 3.35585e+07 3.35585e+07 3.35585e+07 3.35585e+07 3.35585e+07 3.35585e+07 3.35585e+07 3.35585e+07 3.35585e+07 3.35585e+07 3.35585e+07 3.35585e+07 3.35585e+07 3.35585e+07 3.35585e+07 3.35585e+07 3.35585e+07 3.35585e+07 3.35585e+07 3.35585e+07 3.35585e+07 3.35585e+07 3.35585e+07 3.35585e+07 3.35585e+07 3.35585e+07 3.35585e+07 3.35585e+07 3.35585e+07 3.35585e+07 3.35585e+07 3.35585e+07 3.35585e+07 3.35585e+07 3.35585e+07 3.35585e+07 3.35585e+07 3.35585e+07 3.35585e+07 3.35585e+07 3.35585e+07 3.35585e+07 3.35585e+07 3.35585e+07 3.35585e+07 3.35585e+07 3.35585e+07 3.35585e+07 3.35585e+07 3.35585e+07 3.35585e+07 3.35585e+07 3.35585e+07 3.35585e+07 3.35585e+07 3.35585e+07 3.35585e+07 3.35585e+07 3.35585e+07 3.35585e+07 3.35585e+07 3.35585e+07 3.35585e+07 3.35585e+07 3.35585e+07 3.35585e+07 3.35585e+07 3.35585e+07 3.35585e+07 3.35585e+07 3.35585e+07 3.35585e+07 3.35585e+07 3.35585e+07 3.35585e+07 3.35585e+07 3.35585e+07 3.35585e+07 3.35585e+07 3.35585e+07 3.35585e+07 3.35585e+07 3.35585e+07 3.35585e+07 3.35585e+07 3.35585e+07 3.35585e+07 3.35585e+07 3.35585e+07 3.35585e+07 3.35585e+07 3.35585e+07 3.35585e+07 3.35585e+07 3.35585e+07 3.35585e+07 3.35585e+07 3.35585e+07 3.35585e+07 3.35585e+07 3.35585e+07 3.35585e+07 3.35585e+07 3.35585e+07 3.35585e+07 3.35585e+07 3.35585e+07 3.35585e+07 3.35585e+07 3.35585e+07 3.35585e+07 3.35585e+07 3.35585e+07 3.35585e+07 3.35585e+07 3.35585e+07 3.35585e+07 3.35585e+07 3.35585e+07 3.35585e+07 3.35585e+07 3.35585e+07 3.35585e+07 3.35585e+07 3.35585e+07 3.35585e+07 3.35585e+07 3.35585e+07 3.35585e+07 3.35585e+07 3.35585e+07 3.35585e+07 3.35585e+07 3.35585e+07 3.35585e+07 3.35585e+07 3.35585e+07 3.35585e+07 3.35585e+07 3.35585e+07 3.35585e+07 3.35585e+07 3.35585e+07 3.35585e+07 3.35585e+07 3.35585e+07 3.35585e+07 3.35585e+07 3.35585e+07 3.35585e+07 3.35585e+07 3.35585e+07 3.35585e+07 3.35585e+07 3.35585e+07 3.35585e+07 3.35585e+07 3.35585e+07 3.35585e+07 3.35585e+07 3.35585e+07 3.35585e+07 3.35585e+07 3.35585e+07 3.35585e+07 3.35585e+07 3.35585e+07 3.35585e+07 3.35585e+07 3.35585e+07 3.35585e+07 3.35585e+07 3.35585e+07 3.35585e+07 3.35585e+07 3.35585e+07 3.35585e+07 3.35585e+07 3.35585e+07 3.35585e+07 3.35585e+07 3.35585e+07 3.35585e+07 
L1 DCM: 140153679122 
L2 DCM: 127360213485 
DP OPS 1099511627777 
L2 DCR: 52424151269 
Time: 339.942 seconds
Result matrix: 
3.35585e+07 3.35585e+07 3.35585e+07 3.35585e+07 3.35585e+07 3.35585e+07 3.35585e+07 3.35585e+07 3.35585e+07 3.35585e+07 3.35585e+07 3.35585e+07 3.35585e+07 3.35585e+07 3.35585e+07 3.35585e+07 3.35585e+07 3.35585e+07 3.35585e+07 3.35585e+07 3.35585e+07 3.35585e+07 3.35585e+07 3.35585e+07 3.35585e+07 3.35585e+07 3.35585e+07 3.35585e+07 3.35585e+07 3.35585e+07 3.35585e+07 3.35585e+07 3.35585e+07 3.35585e+07 3.35585e+07 3.35585e+07 3.35585e+07 3.35585e+07 3.35585e+07 3.35585e+07 3.35585e+07 3.35585e+07 3.35585e+07 3.35585e+07 3.35585e+07 3.35585e+07 3.35585e+07 3.35585e+07 3.35585e+07 3.35585e+07 3.35585e+07 3.35585e+07 3.35585e+07 3.35585e+07 3.35585e+07 3.35585e+07 3.35585e+07 3.35585e+07 3.35585e+07 3.35585e+07 3.35585e+07 3.35585e+07 3.35585e+07 3.35585e+07 3.35585e+07 3.35585e+07 3.35585e+07 3.35585e+07 3.35585e+07 3.35585e+07 3.35585e+07 3.35585e+07 3.35585e+07 3.35585e+07 3.35585e+07 3.35585e+07 3.35585e+07 3.35585e+07 3.35585e+07 3.35585e+07 3.35585e+07 3.35585e+07 3.35585e+07 3.35585e+07 3.35585e+07 3.35585e+07 3.35585e+07 3.35585e+07 3.35585e+07 3.35585e+07 3.35585e+07 3.35585e+07 3.35585e+07 3.35585e+07 3.35585e+07 3.35585e+07 3.35585e+07 3.35585e+07 3.35585e+07 3.35585e+07 3.35585e+07 3.35585e+07 3.35585e+07 3.35585e+07 3.35585e+07 3.35585e+07 3.35585e+07 3.35585e+07 3.35585e+07 3.35585e+07 3.35585e+07 3.35585e+07 3.35585e+07 3.35585e+07 3.35585e+07 3.35585e+07 3.35585e+07 3.35585e+07 3.35585e+07 3.35585e+07 3.35585e+07 3.35585e+07 3.35585e+07 3.35585e+07 3.35585e+07 3.35585e+07 3.35585e+07 3.35585e+07 3.35585e+07 3.35585e+07 3.35585e+07 3.35585e+07 3.35585e+07 3.35585e+07 3.35585e+07 3.35585e+07 3.35585e+07 3.35585e+07 3.35585e+07 3.35585e+07 3.35585e+07 3.35585e+07 3.35585e+07 3.35585e+07 3.35585e+07 3.35585e+07 3.35585e+07 3.35585e+07 3.35585e+07 3.35585e+07 3.35585e+07 3.35585e+07 3.35585e+07 3.35585e+07 3.35585e+07 3.35585e+07 3.35585e+07 3.35585e+07 3.35585e+07 3.35585e+07 3.35585e+07 3.35585e+07 3.35585e+07 3.35585e+07 3.35585e+07 3.35585e+07 3.35585e+07 3.35585e+07 3.35585e+07 3.35585e+07 3.35585e+07 3.35585e+07 3.35585e+07 3.35585e+07 3.35585e+07 3.35585e+07 3.35585e+07 3.35585e+07 3.35585e+07 3.35585e+07 3.35585e+07 3.35585e+07 3.35585e+07 3.35585e+07 3.35585e+07 3.35585e+07 3.35585e+07 3.35585e+07 3.35585e+07 3.35585e+07 3.35585e+07 3.35585e+07 3.35585e+07 3.35585e+07 3.35585e+07 3.35585e+07 3.35585e+07 3.35585e+07 3.35585e+07 3.35585e+07 
