
1. Multiplication
2. Line Multiplication
3. Block Multiplication
Selection?: Dimensions: lins=cols ? 10240
Time: 654.817 seconds
Result matrix: 
5.24339e+07 5.24339e+07 5.24339e+07 5.24339e+07 5.24339e+07 5.24339e+07 5.24339e+07 5.24339e+07 5.24339e+07 5.24339e+07 5.24339e+07 5.24339e+07 5.24339e+07 5.24339e+07 5.24339e+07 5.24339e+07 5.24339e+07 5.24339e+07 5.24339e+07 5.24339e+07 5.24339e+07 5.24339e+07 5.24339e+07 5.24339e+07 5.24339e+07 5.24339e+07 5.24339e+07 5.24339e+07 5.24339e+07 5.24339e+07 5.24339e+07 5.24339e+07 5.24339e+07 5.24339e+07 5.24339e+07 5.24339e+07 5.24339e+07 5.24339e+07 5.24339e+07 5.24339e+07 5.24339e+07 5.24339e+07 5.24339e+07 5.24339e+07 5.24339e+07 5.24339e+07 5.24339e+07 5.24339e+07 5.24339e+07 5.24339e+07 5.24339e+07 5.24339e+07 5.24339e+07 5.24339e+07 5.24339e+07 5.24339e+07 5.24339e+07 5.24339e+07 5.24339e+07 5.24339e+07 5.24339e+07 5.24339e+07 5.24339e+07 5.24339e+07 5.24339e+07 5.24339e+07 5.24339e+07 5.24339e+07 5.24339e+07 5.24339e+07 5.24339e+07 5.24339e+07 5.24339e+07 5.24339e+07 5.24339e+07 5.24339e+07 5.24339e+07 5.24339e+07 5.24339e+07 5.24339e+07 5.24339e+07 5.24339e+07 5.24339e+07 5.24339e+07 5.24339e+07 5.24339e+07 5.24339e+07 5.24339e+07 5.24339e+07 5.24339e+07 5.24339e+07 5.24339e+07 5.24339e+07 5.24339e+07 5.24339e+07 5.24339e+07 5.24339e+07 5.24339e+07 5.24339e+07 5.24339e+07 5.24339e+07 5.24339e+07 5.24339e+07 5.24339e+07 5.24339e+07 5.24339e+07 5.24339e+07 5.24339e+07 5.24339e+07 5.24339e+07 5.24339e+07 5.24339e+07 5.24339e+07 5.24339e+07 5.24339e+07 5.24339e+07 5.24339e+07 5.24339e+07 5.24339e+07 5.24339e+07 5.24339e+07 5.24339e+07 5.24339e+07 5.24339e+07 5.24339e+07 5.24339e+07 5.24339e+07 5.24339e+07 5.24339e+07 5.24339e+07 5.24339e+07 5.24339e+07 5.24339e+07 5.24339e+07 5.24339e+07 5.24339e+07 5.24339e+07 5.24339e+07 5.24339e+07 5.24339e+07 5.24339e+07 5.24339e+07 5.24339e+07 5.24339e+07 5.24339e+07 5.24339e+07 5.24339e+07 5.24339e+07 5.24339e+07 5.24339e+07 5.24339e+07 5.24339e+07 5.24339e+07 5.24339e+07 5.24339e+07 5.24339e+07 5.24339e+07 5.24339e+07 5.24339e+07 5.24339e+07 5.24339e+07 5.24339e+07 5.24339e+07 5.24339e+07 5.24339e+07 5.24339e+07 5.24339e+07 5.24339e+07 5.24339e+07 5.24339e+07 5.24339e+07 5.24339e+07 5.24339e+07 5.24339e+07 5.24339e+07 5.24339e+07 5.24339e+07 5.24339e+07 5.24339e+07 5.24339e+07 5.24339e+07 5.24339e+07 5.24339e+07 5.24339e+07 5.24339e+07 5.24339e+07 5.24339e+07 5.24339e+07 5.24339e+07 5.24339e+07 5.24339e+07 5.24339e+07 5.24339e+07 5.24339e+07 5.24339e+07 5.24339e+07 5.24339e+07 5.24339e+07 5.24339e+07 5.24339e+07 
L1 DCM: 273740820185 
L2 DCM: 254469299009 
DP OPS: 2147483648001 
L2 DCR: 60735808175 
Time: 649.812 seconds
Result matrix: 
5.24339e+07 5.24339e+07 5.24339e+07 5.24339e+07 5.24339e+07 5.24339e+07 5.24339e+07 5.24339e+07 5.24339e+07 5.24339e+07 5.24339e+07 5.24339e+07 5.24339e+07 5.24339e+07 5.24339e+07 5.24339e+07 5.24339e+07 5.24339e+07 5.24339e+07 5.24339e+07 5.24339e+07 5.24339e+07 5.24339e+07 5.24339e+07 5.24339e+07 5.24339e+07 5.24339e+07 5.24339e+07 5.24339e+07 5.24339e+07 5.24339e+07 5.24339e+07 5.24339e+07 5.24339e+07 5.24339e+07 5.24339e+07 5.24339e+07 5.24339e+07 5.24339e+07 5.24339e+07 5.24339e+07 5.24339e+07 5.24339e+07 5.24339e+07 5.24339e+07 5.24339e+07 5.24339e+07 5.24339e+07 5.24339e+07 5.24339e+07 5.24339e+07 5.24339e+07 5.24339e+07 5.24339e+07 5.24339e+07 5.24339e+07 5.24339e+07 5.24339e+07 5.24339e+07 5.24339e+07 5.24339e+07 5.24339e+07 5.24339e+07 5.24339e+07 5.24339e+07 5.24339e+07 5.24339e+07 5.24339e+07 5.24339e+07 5.24339e+07 5.24339e+07 5.24339e+07 5.24339e+07 5.24339e+07 5.24339e+07 5.24339e+07 5.24339e+07 5.24339e+07 5.24339e+07 5.24339e+07 5.24339e+07 5.24339e+07 5.24339e+07 5.24339e+07 5.24339e+07 5.24339e+07 5.24339e+07 5.24339e+07 5.24339e+07 5.24339e+07 5.24339e+07 5.24339e+07 5.24339e+07 5.24339e+07 5.24339e+07 5.24339e+07 5.24339e+07 5.24339e+07 5.24339e+07 5.24339e+07 5.24339e+07 5.24339e+07 5.24339e+07 5.24339e+07 5.24339e+07 5.24339e+07 5.24339e+07 5.24339e+07 5.24339e+07 5.24339e+07 5.24339e+07 5.24339e+07 5.24339e+07 5.24339e+07 5.24339e+07 5.24339e+07 5.24339e+07 5.24339e+07 5.24339e+07 5.24339e+07 5.24339e+07 5.24339e+07 5.24339e+07 5.24339e+07 5.24339e+07 5.24339e+07 5.24339e+07 5.24339e+07 5.24339e+07 5.24339e+07 5.24339e+07 5.24339e+07 5.24339e+07 5.24339e+07 5.24339e+07 5.24339e+07 5.24339e+07 5.24339e+07 5.24339e+07 5.24339e+07 5.24339e+07 5.24339e+07 5.24339e+07 5.24339e+07 5.24339e+07 5.24339e+07 5.24339e+07 5.24339e+07 5.24339e+07 5.24339e+07 5.24339e+07 5.24339e+07 5.24339e+07 5.24339e+07 5.24339e+07 5.24339e+07 5.24339e+07 5.24339e+07 5.24339e+07 5.24339e+07 5.24339e+07 5.24339e+07 5.24339e+07 5.24339e+07 5.24339e+07 5.24339e+07 5.24339e+07 5.24339e+07 5.24339e+07 5.24339e+07 5.24339e+07 5.24339e+07 5.24339e+07 5.24339e+07 5.24339e+07 5.24339e+07 5.24339e+07 5.24339e+07 5.24339e+07 5.24339e+07 5.24339e+07 5.24339e+07 5.24339e+07 5.24339e+07 5.24339e+07 5.24339e+07 5.24339e+07 5.24339e+07 5.24339e+07 5.24339e+07 5.24339e+07 5.24339e+07 5.24339e+07 5.24339e+07 5.24339e+07 5.24339e+07 5.24339e+07 5.24339e+07 5.24339e+07 5.24339e+07 
L1 DCM: 273673273515 
L2 DCM: 252795296248 
DP OPS: 2147483648001 
L2 DCR: 49334329761 
Time: 656.828 seconds
Result matrix: 
5.24339e+07 5.24339e+07 5.24339e+07 5.24339e+07 5.24339e+07 5.24339e+07 5.24339e+07 5.24339e+07 5.24339e+07 5.24339e+07 5.24339e+07 5.24339e+07 5.24339e+07 5.24339e+07 5.24339e+07 5.24339e+07 5.24339e+07 5.24339e+07 5.24339e+07 5.24339e+07 5.24339e+07 5.24339e+07 5.24339e+07 5.24339e+07 5.24339e+07 5.24339e+07 5.24339e+07 5.24339e+07 5.24339e+07 5.24339e+07 5.24339e+07 5.24339e+07 5.24339e+07 5.24339e+07 5.24339e+07 5.24339e+07 5.24339e+07 5.24339e+07 5.24339e+07 5.24339e+07 5.24339e+07 5.24339e+07 5.24339e+07 5.24339e+07 5.24339e+07 5.24339e+07 5.24339e+07 5.24339e+07 5.24339e+07 5.24339e+07 5.24339e+07 5.24339e+07 5.24339e+07 5.24339e+07 5.24339e+07 5.24339e+07 5.24339e+07 5.24339e+07 5.24339e+07 5.24339e+07 5.24339e+07 5.24339e+07 5.24339e+07 5.24339e+07 5.24339e+07 5.24339e+07 5.24339e+07 5.24339e+07 5.24339e+07 5.24339e+07 5.24339e+07 5.24339e+07 5.24339e+07 5.24339e+07 5.24339e+07 5.24339e+07 5.24339e+07 5.24339e+07 5.24339e+07 5.24339e+07 5.24339e+07 5.24339e+07 5.24339e+07 5.24339e+07 5.24339e+07 5.24339e+07 5.24339e+07 5.24339e+07 5.24339e+07 5.24339e+07 5.24339e+07 5.24339e+07 5.24339e+07 5.24339e+07 5.24339e+07 5.24339e+07 5.24339e+07 5.24339e+07 5.24339e+07 5.24339e+07 5.24339e+07 5.24339e+07 5.24339e+07 5.24339e+07 5.24339e+07 5.24339e+07 5.24339e+07 5.24339e+07 5.24339e+07 5.24339e+07 5.24339e+07 5.24339e+07 5.24339e+07 5.24339e+07 5.24339e+07 5.24339e+07 5.24339e+07 5.24339e+07 5.24339e+07 5.24339e+07 5.24339e+07 5.24339e+07 5.24339e+07 5.24339e+07 5.24339e+07 5.24339e+07 5.24339e+07 5.24339e+07 5.24339e+07 5.24339e+07 5.24339e+07 5.24339e+07 5.24339e+07 5.24339e+07 5.24339e+07 5.24339e+07 5.24339e+07 5.24339e+07 5.24339e+07 5.24339e+07 5.24339e+07 5.24339e+07 5.24339e+07 5.24339e+07 5.24339e+07 5.24339e+07 5.24339e+07 5.24339e+07 5.24339e+07 5.24339e+07 5.24339e+07 5.24339e+07 5.24339e+07 5.24339e+07 5.24339e+07 5.24339e+07 5.24339e+07 5.24339e+07 5.24339e+07 5.24339e+07 5.24339e+07 5.24339e+07 5.24339e+07 5.24339e+07 5.24339e+07 5.24339e+07 5.24339e+07 5.24339e+07 5.24339e+07 5.24339e+07 5.24339e+07 5.24339e+07 5.24339e+07 5.24339e+07 5.24339e+07 5.24339e+07 5.24339e+07 5.24339e+07 5.24339e+07 5.24339e+07 5.24339e+07 5.24339e+07 5.24339e+07 5.24339e+07 5.24339e+07 5.24339e+07 5.24339e+07 5.24339e+07 5.24339e+07 5.24339e+07 5.24339e+07 5.24339e+07 5.24339e+07 5.24339e+07 5.24339e+07 5.24339e+07 5.24339e+07 5.24339e+07 5.24339e+07 5.24339e+07 
L1 DCM: 273738587383 
L2 DCM: 254390288074 
DP OPS: 2147483648001 
L2 DCR: 59748800723 
Time: 656.150 seconds
Result matrix: 
5.24339e+07 5.24339e+07 5.24339e+07 5.24339e+07 5.24339e+07 5.24339e+07 5.24339e+07 5.24339e+07 5.24339e+07 5.24339e+07 5.24339e+07 5.24339e+07 5.24339e+07 5.24339e+07 5.24339e+07 5.24339e+07 5.24339e+07 5.24339e+07 5.24339e+07 5.24339e+07 5.24339e+07 5.24339e+07 5.24339e+07 5.24339e+07 5.24339e+07 5.24339e+07 5.24339e+07 5.24339e+07 5.24339e+07 5.24339e+07 5.24339e+07 5.24339e+07 5.24339e+07 5.24339e+07 5.24339e+07 5.24339e+07 5.24339e+07 5.24339e+07 5.24339e+07 5.24339e+07 5.24339e+07 5.24339e+07 5.24339e+07 5.24339e+07 5.24339e+07 5.24339e+07 5.24339e+07 5.24339e+07 5.24339e+07 5.24339e+07 5.24339e+07 5.24339e+07 5.24339e+07 5.24339e+07 5.24339e+07 5.24339e+07 5.24339e+07 5.24339e+07 5.24339e+07 5.24339e+07 5.24339e+07 5.24339e+07 5.24339e+07 5.24339e+07 5.24339e+07 5.24339e+07 5.24339e+07 5.24339e+07 5.24339e+07 5.24339e+07 5.24339e+07 5.24339e+07 5.24339e+07 5.24339e+07 5.24339e+07 5.24339e+07 5.24339e+07 5.24339e+07 5.24339e+07 5.24339e+07 5.24339e+07 5.24339e+07 5.24339e+07 5.24339e+07 5.24339e+07 5.24339e+07 5.24339e+07 5.24339e+07 5.24339e+07 5.24339e+07 5.24339e+07 5.24339e+07 5.24339e+07 5.24339e+07 5.24339e+07 5.24339e+07 5.24339e+07 5.24339e+07 5.24339e+07 5.24339e+07 5.24339e+07 5.24339e+07 5.24339e+07 5.24339e+07 5.24339e+07 5.24339e+07 5.24339e+07 5.24339e+07 5.24339e+07 5.24339e+07 5.24339e+07 5.24339e+07 5.24339e+07 5.24339e+07 5.24339e+07 5.24339e+07 5.24339e+07 5.24339e+07 5.24339e+07 5.24339e+07 5.24339e+07 5.24339e+07 5.24339e+07 5.24339e+07 5.24339e+07 5.24339e+07 5.24339e+07 5.24339e+07 5.24339e+07 5.24339e+07 5.24339e+07 5.24339e+07 5.24339e+07 5.24339e+07 5.24339e+07 5.24339e+07 5.24339e+07 5.24339e+07 5.24339e+07 5.24339e+07 5.24339e+07 5.24339e+07 5.24339e+07 5.24339e+07 5.24339e+07 5.24339e+07 5.24339e+07 5.24339e+07 5.24339e+07 5.24339e+07 5.24339e+07 5.24339e+07 5.24339e+07 5.24339e+07 5.24339e+07 5.24339e+07 5.24339e+07 5.24339e+07 5.24339e+07 5.24339e+07 5.24339e+07 5.24339e+07 5.24339e+07 5.24339e+07 5.24339e+07 5.24339e+07 5.24339e+07 5.24339e+07 5.24339e+07 5.24339e+07 5.24339e+07 5.24339e+07 5.24339e+07 5.24339e+07 5.24339e+07 5.24339e+07 5.24339e+07 5.24339e+07 5.24339e+07 5.24339e+07 5.24339e+07 5.24339e+07 5.24339e+07 5.24339e+07 5.24339e+07 5.24339e+07 5.24339e+07 5.24339e+07 5.24339e+07 5.24339e+07 5.24339e+07 5.24339e+07 5.24339e+07 5.24339e+07 5.24339e+07 5.24339e+07 5.24339e+07 5.24339e+07 5.24339e+07 5.24339e+07 
L1 DCM: 273741816841 
L2 DCM: 254487640864 
DP OPS: 2147483648001 
L2 DCR: 60770106269 
Time: 655.631 seconds
Result matrix: 
5.24339e+07 5.24339e+07 5.24339e+07 5.24339e+07 5.24339e+07 5.24339e+07 5.24339e+07 5.24339e+07 5.24339e+07 5.24339e+07 5.24339e+07 5.24339e+07 5.24339e+07 5.24339e+07 5.24339e+07 5.24339e+07 5.24339e+07 5.24339e+07 5.24339e+07 5.24339e+07 5.24339e+07 5.24339e+07 5.24339e+07 5.24339e+07 5.24339e+07 5.24339e+07 5.24339e+07 5.24339e+07 5.24339e+07 5.24339e+07 5.24339e+07 5.24339e+07 5.24339e+07 5.24339e+07 5.24339e+07 5.24339e+07 5.24339e+07 5.24339e+07 5.24339e+07 5.24339e+07 5.24339e+07 5.24339e+07 5.24339e+07 5.24339e+07 5.24339e+07 5.24339e+07 5.24339e+07 5.24339e+07 5.24339e+07 5.24339e+07 5.24339e+07 5.24339e+07 5.24339e+07 5.24339e+07 5.24339e+07 5.24339e+07 5.24339e+07 5.24339e+07 5.24339e+07 5.24339e+07 5.24339e+07 5.24339e+07 5.24339e+07 5.24339e+07 5.24339e+07 5.24339e+07 5.24339e+07 5.24339e+07 5.24339e+07 5.24339e+07 5.24339e+07 5.24339e+07 5.24339e+07 5.24339e+07 5.24339e+07 5.24339e+07 5.24339e+07 5.24339e+07 5.24339e+07 5.24339e+07 5.24339e+07 5.24339e+07 5.24339e+07 5.24339e+07 5.24339e+07 5.24339e+07 5.24339e+07 5.24339e+07 5.24339e+07 5.24339e+07 5.24339e+07 5.24339e+07 5.24339e+07 5.24339e+07 5.24339e+07 5.24339e+07 5.24339e+07 5.24339e+07 5.24339e+07 5.24339e+07 5.24339e+07 5.24339e+07 5.24339e+07 5.24339e+07 5.24339e+07 5.24339e+07 5.24339e+07 5.24339e+07 5.24339e+07 5.24339e+07 5.24339e+07 5.24339e+07 5.24339e+07 5.24339e+07 5.24339e+07 5.24339e+07 5.24339e+07 5.24339e+07 5.24339e+07 5.24339e+07 5.24339e+07 5.24339e+07 5.24339e+07 5.24339e+07 5.24339e+07 5.24339e+07 5.24339e+07 5.24339e+07 5.24339e+07 5.24339e+07 5.24339e+07 5.24339e+07 5.24339e+07 5.24339e+07 5.24339e+07 5.24339e+07 5.24339e+07 5.24339e+07 5.24339e+07 5.24339e+07 5.24339e+07 5.24339e+07 5.24339e+07 5.24339e+07 5.24339e+07 5.24339e+07 5.24339e+07 5.24339e+07 5.24339e+07 5.24339e+07 5.24339e+07 5.24339e+07 5.24339e+07 5.24339e+07 5.24339e+07 5.24339e+07 5.24339e+07 5.24339e+07 5.24339e+07 5.24339e+07 5.24339e+07 5.24339e+07 5.24339e+07 5.24339e+07 5.24339e+07 5.24339e+07 5.24339e+07 5.24339e+07 5.24339e+07 5.24339e+07 5.24339e+07 5.24339e+07 5.24339e+07 5.24339e+07 5.24339e+07 5.24339e+07 5.24339e+07 5.24339e+07 5.24339e+07 5.24339e+07 5.24339e+07 5.24339e+07 5.24339e+07 5.24339e+07 5.24339e+07 5.24339e+07 5.24339e+07 5.24339e+07 5.24339e+07 5.24339e+07 5.24339e+07 5.24339e+07 5.24339e+07 5.24339e+07 5.24339e+07 5.24339e+07 5.24339e+07 5.24339e+07 5.24339e+07 5.24339e+07 
L1 DCM: 273723949733 
L2 DCM: 254290155274 
DP OPS: 2147483648001 
L2 DCR: 60638112721 

1. Multiplication
2. Line Multiplication
3. Block Multiplication
Selection?: 