
1. Multiplication
2. Line Multiplication
3. Block Multiplication
Selection?: Dimensions: lins=cols ? 4096
Time: 36.178 seconds
Result matrix: 
8.39066e+06 8.39066e+06 8.39066e+06 8.39066e+06 8.39066e+06 8.39066e+06 8.39066e+06 8.39066e+06 8.39066e+06 8.39066e+06 8.39066e+06 8.39066e+06 8.39066e+06 8.39066e+06 8.39066e+06 8.39066e+06 8.39066e+06 8.39066e+06 8.39066e+06 8.39066e+06 8.39066e+06 8.39066e+06 8.39066e+06 8.39066e+06 8.39066e+06 8.39066e+06 8.39066e+06 8.39066e+06 8.39066e+06 8.39066e+06 8.39066e+06 8.39066e+06 8.39066e+06 8.39066e+06 8.39066e+06 8.39066e+06 8.39066e+06 8.39066e+06 8.39066e+06 8.39066e+06 8.39066e+06 8.39066e+06 8.39066e+06 8.39066e+06 8.39066e+06 8.39066e+06 8.39066e+06 8.39066e+06 8.39066e+06 8.39066e+06 8.39066e+06 8.39066e+06 8.39066e+06 8.39066e+06 8.39066e+06 8.39066e+06 8.39066e+06 8.39066e+06 8.39066e+06 8.39066e+06 8.39066e+06 8.39066e+06 8.39066e+06 8.39066e+06 8.39066e+06 8.39066e+06 8.39066e+06 8.39066e+06 8.39066e+06 8.39066e+06 8.39066e+06 8.39066e+06 8.39066e+06 8.39066e+06 8.39066e+06 8.39066e+06 8.39066e+06 8.39066e+06 8.39066e+06 8.39066e+06 8.39066e+06 8.39066e+06 8.39066e+06 8.39066e+06 8.39066e+06 8.39066e+06 8.39066e+06 8.39066e+06 8.39066e+06 8.39066e+06 8.39066e+06 8.39066e+06 8.39066e+06 8.39066e+06 8.39066e+06 8.39066e+06 8.39066e+06 8.39066e+06 8.39066e+06 8.39066e+06 8.39066e+06 8.39066e+06 8.39066e+06 8.39066e+06 8.39066e+06 8.39066e+06 8.39066e+06 8.39066e+06 8.39066e+06 8.39066e+06 8.39066e+06 8.39066e+06 8.39066e+06 8.39066e+06 8.39066e+06 8.39066e+06 8.39066e+06 8.39066e+06 8.39066e+06 8.39066e+06 8.39066e+06 8.39066e+06 8.39066e+06 8.39066e+06 8.39066e+06 8.39066e+06 8.39066e+06 8.39066e+06 8.39066e+06 8.39066e+06 8.39066e+06 8.39066e+06 8.39066e+06 8.39066e+06 8.39066e+06 8.39066e+06 8.39066e+06 8.39066e+06 8.39066e+06 8.39066e+06 8.39066e+06 8.39066e+06 8.39066e+06 8.39066e+06 8.39066e+06 8.39066e+06 8.39066e+06 8.39066e+06 8.39066e+06 8.39066e+06 8.39066e+06 8.39066e+06 8.39066e+06 8.39066e+06 8.39066e+06 8.39066e+06 8.39066e+06 8.39066e+06 8.39066e+06 8.39066e+06 8.39066e+06 8.39066e+06 8.39066e+06 8.39066e+06 8.39066e+06 8.39066e+06 8.39066e+06 8.39066e+06 8.39066e+06 8.39066e+06 8.39066e+06 8.39066e+06 8.39066e+06 8.39066e+06 8.39066e+06 8.39066e+06 8.39066e+06 8.39066e+06 8.39066e+06 8.39066e+06 8.39066e+06 8.39066e+06 8.39066e+06 8.39066e+06 8.39066e+06 8.39066e+06 8.39066e+06 8.39066e+06 8.39066e+06 8.39066e+06 8.39066e+06 8.39066e+06 8.39066e+06 8.39066e+06 8.39066e+06 8.39066e+06 8.39066e+06 8.39066e+06 8.39066e+06 8.39066e+06 
L1 DCM: 1270278368 
L2 DCM: 2588150837 
DP OPS: 17179869189 
L2 DCR: 229865153 
Time: 35.543 seconds
Result matrix: 
8.39066e+06 8.39066e+06 8.39066e+06 8.39066e+06 8.39066e+06 8.39066e+06 8.39066e+06 8.39066e+06 8.39066e+06 8.39066e+06 8.39066e+06 8.39066e+06 8.39066e+06 8.39066e+06 8.39066e+06 8.39066e+06 8.39066e+06 8.39066e+06 8.39066e+06 8.39066e+06 8.39066e+06 8.39066e+06 8.39066e+06 8.39066e+06 8.39066e+06 8.39066e+06 8.39066e+06 8.39066e+06 8.39066e+06 8.39066e+06 8.39066e+06 8.39066e+06 8.39066e+06 8.39066e+06 8.39066e+06 8.39066e+06 8.39066e+06 8.39066e+06 8.39066e+06 8.39066e+06 8.39066e+06 8.39066e+06 8.39066e+06 8.39066e+06 8.39066e+06 8.39066e+06 8.39066e+06 8.39066e+06 8.39066e+06 8.39066e+06 8.39066e+06 8.39066e+06 8.39066e+06 8.39066e+06 8.39066e+06 8.39066e+06 8.39066e+06 8.39066e+06 8.39066e+06 8.39066e+06 8.39066e+06 8.39066e+06 8.39066e+06 8.39066e+06 8.39066e+06 8.39066e+06 8.39066e+06 8.39066e+06 8.39066e+06 8.39066e+06 8.39066e+06 8.39066e+06 8.39066e+06 8.39066e+06 8.39066e+06 8.39066e+06 8.39066e+06 8.39066e+06 8.39066e+06 8.39066e+06 8.39066e+06 8.39066e+06 8.39066e+06 8.39066e+06 8.39066e+06 8.39066e+06 8.39066e+06 8.39066e+06 8.39066e+06 8.39066e+06 8.39066e+06 8.39066e+06 8.39066e+06 8.39066e+06 8.39066e+06 8.39066e+06 8.39066e+06 8.39066e+06 8.39066e+06 8.39066e+06 8.39066e+06 8.39066e+06 8.39066e+06 8.39066e+06 8.39066e+06 8.39066e+06 8.39066e+06 8.39066e+06 8.39066e+06 8.39066e+06 8.39066e+06 8.39066e+06 8.39066e+06 8.39066e+06 8.39066e+06 8.39066e+06 8.39066e+06 8.39066e+06 8.39066e+06 8.39066e+06 8.39066e+06 8.39066e+06 8.39066e+06 8.39066e+06 8.39066e+06 8.39066e+06 8.39066e+06 8.39066e+06 8.39066e+06 8.39066e+06 8.39066e+06 8.39066e+06 8.39066e+06 8.39066e+06 8.39066e+06 8.39066e+06 8.39066e+06 8.39066e+06 8.39066e+06 8.39066e+06 8.39066e+06 8.39066e+06 8.39066e+06 8.39066e+06 8.39066e+06 8.39066e+06 8.39066e+06 8.39066e+06 8.39066e+06 8.39066e+06 8.39066e+06 8.39066e+06 8.39066e+06 8.39066e+06 8.39066e+06 8.39066e+06 8.39066e+06 8.39066e+06 8.39066e+06 8.39066e+06 8.39066e+06 8.39066e+06 8.39066e+06 8.39066e+06 8.39066e+06 8.39066e+06 8.39066e+06 8.39066e+06 8.39066e+06 8.39066e+06 8.39066e+06 8.39066e+06 8.39066e+06 8.39066e+06 8.39066e+06 8.39066e+06 8.39066e+06 8.39066e+06 8.39066e+06 8.39066e+06 8.39066e+06 8.39066e+06 8.39066e+06 8.39066e+06 8.39066e+06 8.39066e+06 8.39066e+06 8.39066e+06 8.39066e+06 8.39066e+06 8.39066e+06 8.39066e+06 8.39066e+06 8.39066e+06 8.39066e+06 8.39066e+06 8.39066e+06 8.39066e+06 8.39066e+06 8.39066e+06 
L1 DCM: 1266494592 
L2 DCM: 2591125859 
DP OPS: 17179869189 
L2 DCR: 224438112 

1. Multiplication
2. Line Multiplication
3. Block Multiplication
Selection?: Dimensions: lins=cols ? 6144
Time: 108.165 seconds
Result matrix: 
1.88774e+07 1.88774e+07 1.88774e+07 1.88774e+07 1.88774e+07 1.88774e+07 1.88774e+07 1.88774e+07 1.88774e+07 1.88774e+07 1.88774e+07 1.88774e+07 1.88774e+07 1.88774e+07 1.88774e+07 1.88774e+07 1.88774e+07 1.88774e+07 1.88774e+07 1.88774e+07 1.88774e+07 1.88774e+07 1.88774e+07 1.88774e+07 1.88774e+07 1.88774e+07 1.88774e+07 1.88774e+07 1.88774e+07 1.88774e+07 1.88774e+07 1.88774e+07 1.88774e+07 1.88774e+07 1.88774e+07 1.88774e+07 1.88774e+07 1.88774e+07 1.88774e+07 1.88774e+07 1.88774e+07 1.88774e+07 1.88774e+07 1.88774e+07 1.88774e+07 1.88774e+07 1.88774e+07 1.88774e+07 1.88774e+07 1.88774e+07 1.88774e+07 1.88774e+07 1.88774e+07 1.88774e+07 1.88774e+07 1.88774e+07 1.88774e+07 1.88774e+07 1.88774e+07 1.88774e+07 1.88774e+07 1.88774e+07 1.88774e+07 1.88774e+07 1.88774e+07 1.88774e+07 1.88774e+07 1.88774e+07 1.88774e+07 1.88774e+07 1.88774e+07 1.88774e+07 1.88774e+07 1.88774e+07 1.88774e+07 1.88774e+07 1.88774e+07 1.88774e+07 1.88774e+07 1.88774e+07 1.88774e+07 1.88774e+07 1.88774e+07 1.88774e+07 1.88774e+07 1.88774e+07 1.88774e+07 1.88774e+07 1.88774e+07 1.88774e+07 1.88774e+07 1.88774e+07 1.88774e+07 1.88774e+07 1.88774e+07 1.88774e+07 1.88774e+07 1.88774e+07 1.88774e+07 1.88774e+07 1.88774e+07 1.88774e+07 1.88774e+07 1.88774e+07 1.88774e+07 1.88774e+07 1.88774e+07 1.88774e+07 1.88774e+07 1.88774e+07 1.88774e+07 1.88774e+07 1.88774e+07 1.88774e+07 1.88774e+07 1.88774e+07 1.88774e+07 1.88774e+07 1.88774e+07 1.88774e+07 1.88774e+07 1.88774e+07 1.88774e+07 1.88774e+07 1.88774e+07 1.88774e+07 1.88774e+07 1.88774e+07 1.88774e+07 1.88774e+07 1.88774e+07 1.88774e+07 1.88774e+07 1.88774e+07 1.88774e+07 1.88774e+07 1.88774e+07 1.88774e+07 1.88774e+07 1.88774e+07 1.88774e+07 1.88774e+07 1.88774e+07 1.88774e+07 1.88774e+07 1.88774e+07 1.88774e+07 1.88774e+07 1.88774e+07 1.88774e+07 1.88774e+07 1.88774e+07 1.88774e+07 1.88774e+07 1.88774e+07 1.88774e+07 1.88774e+07 1.88774e+07 1.88774e+07 1.88774e+07 1.88774e+07 1.88774e+07 1.88774e+07 1.88774e+07 1.88774e+07 1.88774e+07 1.88774e+07 1.88774e+07 1.88774e+07 1.88774e+07 1.88774e+07 1.88774e+07 1.88774e+07 1.88774e+07 1.88774e+07 1.88774e+07 1.88774e+07 1.88774e+07 1.88774e+07 1.88774e+07 1.88774e+07 1.88774e+07 1.88774e+07 1.88774e+07 1.88774e+07 1.88774e+07 1.88774e+07 1.88774e+07 1.88774e+07 1.88774e+07 1.88774e+07 1.88774e+07 1.88774e+07 1.88774e+07 1.88774e+07 1.88774e+07 1.88774e+07 1.88774e+07 1.88774e+07 1.88774e+07 
L1 DCM: 4152498412 
L2 DCM: 8215555249 
DP OPS: 57982058501 
L2 DCR: 784096377 
Time: 108.295 seconds
Result matrix: 
1.88774e+07 1.88774e+07 1.88774e+07 1.88774e+07 1.88774e+07 1.88774e+07 1.88774e+07 1.88774e+07 1.88774e+07 1.88774e+07 1.88774e+07 1.88774e+07 1.88774e+07 1.88774e+07 1.88774e+07 1.88774e+07 1.88774e+07 1.88774e+07 1.88774e+07 1.88774e+07 1.88774e+07 1.88774e+07 1.88774e+07 1.88774e+07 1.88774e+07 1.88774e+07 1.88774e+07 1.88774e+07 1.88774e+07 1.88774e+07 1.88774e+07 1.88774e+07 1.88774e+07 1.88774e+07 1.88774e+07 1.88774e+07 1.88774e+07 1.88774e+07 1.88774e+07 1.88774e+07 1.88774e+07 1.88774e+07 1.88774e+07 1.88774e+07 1.88774e+07 1.88774e+07 1.88774e+07 1.88774e+07 1.88774e+07 1.88774e+07 1.88774e+07 1.88774e+07 1.88774e+07 1.88774e+07 1.88774e+07 1.88774e+07 1.88774e+07 1.88774e+07 1.88774e+07 1.88774e+07 1.88774e+07 1.88774e+07 1.88774e+07 1.88774e+07 1.88774e+07 1.88774e+07 1.88774e+07 1.88774e+07 1.88774e+07 1.88774e+07 1.88774e+07 1.88774e+07 1.88774e+07 1.88774e+07 1.88774e+07 1.88774e+07 1.88774e+07 1.88774e+07 1.88774e+07 1.88774e+07 1.88774e+07 1.88774e+07 1.88774e+07 1.88774e+07 1.88774e+07 1.88774e+07 1.88774e+07 1.88774e+07 1.88774e+07 1.88774e+07 1.88774e+07 1.88774e+07 1.88774e+07 1.88774e+07 1.88774e+07 1.88774e+07 1.88774e+07 1.88774e+07 1.88774e+07 1.88774e+07 1.88774e+07 1.88774e+07 1.88774e+07 1.88774e+07 1.88774e+07 1.88774e+07 1.88774e+07 1.88774e+07 1.88774e+07 1.88774e+07 1.88774e+07 1.88774e+07 1.88774e+07 1.88774e+07 1.88774e+07 1.88774e+07 1.88774e+07 1.88774e+07 1.88774e+07 1.88774e+07 1.88774e+07 1.88774e+07 1.88774e+07 1.88774e+07 1.88774e+07 1.88774e+07 1.88774e+07 1.88774e+07 1.88774e+07 1.88774e+07 1.88774e+07 1.88774e+07 1.88774e+07 1.88774e+07 1.88774e+07 1.88774e+07 1.88774e+07 1.88774e+07 1.88774e+07 1.88774e+07 1.88774e+07 1.88774e+07 1.88774e+07 1.88774e+07 1.88774e+07 1.88774e+07 1.88774e+07 1.88774e+07 1.88774e+07 1.88774e+07 1.88774e+07 1.88774e+07 1.88774e+07 1.88774e+07 1.88774e+07 1.88774e+07 1.88774e+07 1.88774e+07 1.88774e+07 1.88774e+07 1.88774e+07 1.88774e+07 1.88774e+07 1.88774e+07 1.88774e+07 1.88774e+07 1.88774e+07 1.88774e+07 1.88774e+07 1.88774e+07 1.88774e+07 1.88774e+07 1.88774e+07 1.88774e+07 1.88774e+07 1.88774e+07 1.88774e+07 1.88774e+07 1.88774e+07 1.88774e+07 1.88774e+07 1.88774e+07 1.88774e+07 1.88774e+07 1.88774e+07 1.88774e+07 1.88774e+07 1.88774e+07 1.88774e+07 1.88774e+07 1.88774e+07 1.88774e+07 1.88774e+07 1.88774e+07 1.88774e+07 1.88774e+07 1.88774e+07 1.88774e+07 1.88774e+07 1.88774e+07 
L1 DCM: 4142720965 
L2 DCM: 8288617209 
DP OPS: 57982058501 
L2 DCR: 880031672 

1. Multiplication
2. Line Multiplication
3. Block Multiplication
Selection?: Dimensions: lins=cols ? 8192
Time: 260.478 seconds
Result matrix: 
3.35585e+07 3.35585e+07 3.35585e+07 3.35585e+07 3.35585e+07 3.35585e+07 3.35585e+07 3.35585e+07 3.35585e+07 3.35585e+07 3.35585e+07 3.35585e+07 3.35585e+07 3.35585e+07 3.35585e+07 3.35585e+07 3.35585e+07 3.35585e+07 3.35585e+07 3.35585e+07 3.35585e+07 3.35585e+07 3.35585e+07 3.35585e+07 3.35585e+07 3.35585e+07 3.35585e+07 3.35585e+07 3.35585e+07 3.35585e+07 3.35585e+07 3.35585e+07 3.35585e+07 3.35585e+07 3.35585e+07 3.35585e+07 3.35585e+07 3.35585e+07 3.35585e+07 3.35585e+07 3.35585e+07 3.35585e+07 3.35585e+07 3.35585e+07 3.35585e+07 3.35585e+07 3.35585e+07 3.35585e+07 3.35585e+07 3.35585e+07 3.35585e+07 3.35585e+07 3.35585e+07 3.35585e+07 3.35585e+07 3.35585e+07 3.35585e+07 3.35585e+07 3.35585e+07 3.35585e+07 3.35585e+07 3.35585e+07 3.35585e+07 3.35585e+07 3.35585e+07 3.35585e+07 3.35585e+07 3.35585e+07 3.35585e+07 3.35585e+07 3.35585e+07 3.35585e+07 3.35585e+07 3.35585e+07 3.35585e+07 3.35585e+07 3.35585e+07 3.35585e+07 3.35585e+07 3.35585e+07 3.35585e+07 3.35585e+07 3.35585e+07 3.35585e+07 3.35585e+07 3.35585e+07 3.35585e+07 3.35585e+07 3.35585e+07 3.35585e+07 3.35585e+07 3.35585e+07 3.35585e+07 3.35585e+07 3.35585e+07 3.35585e+07 3.35585e+07 3.35585e+07 3.35585e+07 3.35585e+07 3.35585e+07 3.35585e+07 3.35585e+07 3.35585e+07 3.35585e+07 3.35585e+07 3.35585e+07 3.35585e+07 3.35585e+07 3.35585e+07 3.35585e+07 3.35585e+07 3.35585e+07 3.35585e+07 3.35585e+07 3.35585e+07 3.35585e+07 3.35585e+07 3.35585e+07 3.35585e+07 3.35585e+07 3.35585e+07 3.35585e+07 3.35585e+07 3.35585e+07 3.35585e+07 3.35585e+07 3.35585e+07 3.35585e+07 3.35585e+07 3.35585e+07 3.35585e+07 3.35585e+07 3.35585e+07 3.35585e+07 3.35585e+07 3.35585e+07 3.35585e+07 3.35585e+07 3.35585e+07 3.35585e+07 3.35585e+07 3.35585e+07 3.35585e+07 3.35585e+07 3.35585e+07 3.35585e+07 3.35585e+07 3.35585e+07 3.35585e+07 3.35585e+07 3.35585e+07 3.35585e+07 3.35585e+07 3.35585e+07 3.35585e+07 3.35585e+07 3.35585e+07 3.35585e+07 3.35585e+07 3.35585e+07 3.35585e+07 3.35585e+07 3.35585e+07 3.35585e+07 3.35585e+07 3.35585e+07 3.35585e+07 3.35585e+07 3.35585e+07 3.35585e+07 3.35585e+07 3.35585e+07 3.35585e+07 3.35585e+07 3.35585e+07 3.35585e+07 3.35585e+07 3.35585e+07 3.35585e+07 3.35585e+07 3.35585e+07 3.35585e+07 3.35585e+07 3.35585e+07 3.35585e+07 3.35585e+07 3.35585e+07 3.35585e+07 3.35585e+07 3.35585e+07 3.35585e+07 3.35585e+07 3.35585e+07 3.35585e+07 3.35585e+07 3.35585e+07 3.35585e+07 3.35585e+07 3.35585e+07 
L1 DCM: 9415142317 
L2 DCM: 16660841798 
DP OPS: 137438953477 
L2 DCR: 3485201488 
Time: 259.750 seconds
Result matrix: 
3.35585e+07 3.35585e+07 3.35585e+07 3.35585e+07 3.35585e+07 3.35585e+07 3.35585e+07 3.35585e+07 3.35585e+07 3.35585e+07 3.35585e+07 3.35585e+07 3.35585e+07 3.35585e+07 3.35585e+07 3.35585e+07 3.35585e+07 3.35585e+07 3.35585e+07 3.35585e+07 3.35585e+07 3.35585e+07 3.35585e+07 3.35585e+07 3.35585e+07 3.35585e+07 3.35585e+07 3.35585e+07 3.35585e+07 3.35585e+07 3.35585e+07 3.35585e+07 3.35585e+07 3.35585e+07 3.35585e+07 3.35585e+07 3.35585e+07 3.35585e+07 3.35585e+07 3.35585e+07 3.35585e+07 3.35585e+07 3.35585e+07 3.35585e+07 3.35585e+07 3.35585e+07 3.35585e+07 3.35585e+07 3.35585e+07 3.35585e+07 3.35585e+07 3.35585e+07 3.35585e+07 3.35585e+07 3.35585e+07 3.35585e+07 3.35585e+07 3.35585e+07 3.35585e+07 3.35585e+07 3.35585e+07 3.35585e+07 3.35585e+07 3.35585e+07 3.35585e+07 3.35585e+07 3.35585e+07 3.35585e+07 3.35585e+07 3.35585e+07 3.35585e+07 3.35585e+07 3.35585e+07 3.35585e+07 3.35585e+07 3.35585e+07 3.35585e+07 3.35585e+07 3.35585e+07 3.35585e+07 3.35585e+07 3.35585e+07 3.35585e+07 3.35585e+07 3.35585e+07 3.35585e+07 3.35585e+07 3.35585e+07 3.35585e+07 3.35585e+07 3.35585e+07 3.35585e+07 3.35585e+07 3.35585e+07 3.35585e+07 3.35585e+07 3.35585e+07 3.35585e+07 3.35585e+07 3.35585e+07 3.35585e+07 3.35585e+07 3.35585e+07 3.35585e+07 3.35585e+07 3.35585e+07 3.35585e+07 3.35585e+07 3.35585e+07 3.35585e+07 3.35585e+07 3.35585e+07 3.35585e+07 3.35585e+07 3.35585e+07 3.35585e+07 3.35585e+07 3.35585e+07 3.35585e+07 3.35585e+07 3.35585e+07 3.35585e+07 3.35585e+07 3.35585e+07 3.35585e+07 3.35585e+07 3.35585e+07 3.35585e+07 3.35585e+07 3.35585e+07 3.35585e+07 3.35585e+07 3.35585e+07 3.35585e+07 3.35585e+07 3.35585e+07 3.35585e+07 3.35585e+07 3.35585e+07 3.35585e+07 3.35585e+07 3.35585e+07 3.35585e+07 3.35585e+07 3.35585e+07 3.35585e+07 3.35585e+07 3.35585e+07 3.35585e+07 3.35585e+07 3.35585e+07 3.35585e+07 3.35585e+07 3.35585e+07 3.35585e+07 3.35585e+07 3.35585e+07 3.35585e+07 3.35585e+07 3.35585e+07 3.35585e+07 3.35585e+07 3.35585e+07 3.35585e+07 3.35585e+07 3.35585e+07 3.35585e+07 3.35585e+07 3.35585e+07 3.35585e+07 3.35585e+07 3.35585e+07 3.35585e+07 3.35585e+07 3.35585e+07 3.35585e+07 3.35585e+07 3.35585e+07 3.35585e+07 3.35585e+07 3.35585e+07 3.35585e+07 3.35585e+07 3.35585e+07 3.35585e+07 3.35585e+07 3.35585e+07 3.35585e+07 3.35585e+07 3.35585e+07 3.35585e+07 3.35585e+07 3.35585e+07 3.35585e+07 3.35585e+07 3.35585e+07 3.35585e+07 3.35585e+07 3.35585e+07 3.35585e+07 
L1 DCM: 9447490491 
L2 DCM: 16440302244 
DP OPS: 137438953477 
L2 DCR: 1972042074 

1. Multiplication
2. Line Multiplication
3. Block Multiplication
Selection?: Dimensions: lins=cols ? 10240
Time: 495.899 seconds
Result matrix: 
5.24339e+07 5.24339e+07 5.24339e+07 5.24339e+07 5.24339e+07 5.24339e+07 5.24339e+07 5.24339e+07 5.24339e+07 5.24339e+07 5.24339e+07 5.24339e+07 5.24339e+07 5.24339e+07 5.24339e+07 5.24339e+07 5.24339e+07 5.24339e+07 5.24339e+07 5.24339e+07 5.24339e+07 5.24339e+07 5.24339e+07 5.24339e+07 5.24339e+07 5.24339e+07 5.24339e+07 5.24339e+07 5.24339e+07 5.24339e+07 5.24339e+07 5.24339e+07 5.24339e+07 5.24339e+07 5.24339e+07 5.24339e+07 5.24339e+07 5.24339e+07 5.24339e+07 5.24339e+07 5.24339e+07 5.24339e+07 5.24339e+07 5.24339e+07 5.24339e+07 5.24339e+07 5.24339e+07 5.24339e+07 5.24339e+07 5.24339e+07 5.24339e+07 5.24339e+07 5.24339e+07 5.24339e+07 5.24339e+07 5.24339e+07 5.24339e+07 5.24339e+07 5.24339e+07 5.24339e+07 5.24339e+07 5.24339e+07 5.24339e+07 5.24339e+07 5.24339e+07 5.24339e+07 5.24339e+07 5.24339e+07 5.24339e+07 5.24339e+07 5.24339e+07 5.24339e+07 5.24339e+07 5.24339e+07 5.24339e+07 5.24339e+07 5.24339e+07 5.24339e+07 5.24339e+07 5.24339e+07 5.24339e+07 5.24339e+07 5.24339e+07 5.24339e+07 5.24339e+07 5.24339e+07 5.24339e+07 5.24339e+07 5.24339e+07 5.24339e+07 5.24339e+07 5.24339e+07 5.24339e+07 5.24339e+07 5.24339e+07 5.24339e+07 5.24339e+07 5.24339e+07 5.24339e+07 5.24339e+07 5.24339e+07 5.24339e+07 5.24339e+07 5.24339e+07 5.24339e+07 5.24339e+07 5.24339e+07 5.24339e+07 5.24339e+07 5.24339e+07 5.24339e+07 5.24339e+07 5.24339e+07 5.24339e+07 5.24339e+07 5.24339e+07 5.24339e+07 5.24339e+07 5.24339e+07 5.24339e+07 5.24339e+07 5.24339e+07 5.24339e+07 5.24339e+07 5.24339e+07 5.24339e+07 5.24339e+07 5.24339e+07 5.24339e+07 5.24339e+07 5.24339e+07 5.24339e+07 5.24339e+07 5.24339e+07 5.24339e+07 5.24339e+07 5.24339e+07 5.24339e+07 5.24339e+07 5.24339e+07 5.24339e+07 5.24339e+07 5.24339e+07 5.24339e+07 5.24339e+07 5.24339e+07 5.24339e+07 5.24339e+07 5.24339e+07 5.24339e+07 5.24339e+07 5.24339e+07 5.24339e+07 5.24339e+07 5.24339e+07 5.24339e+07 5.24339e+07 5.24339e+07 5.24339e+07 5.24339e+07 5.24339e+07 5.24339e+07 5.24339e+07 5.24339e+07 5.24339e+07 5.24339e+07 5.24339e+07 5.24339e+07 5.24339e+07 5.24339e+07 5.24339e+07 5.24339e+07 5.24339e+07 5.24339e+07 5.24339e+07 5.24339e+07 5.24339e+07 5.24339e+07 5.24339e+07 5.24339e+07 5.24339e+07 5.24339e+07 5.24339e+07 5.24339e+07 5.24339e+07 5.24339e+07 5.24339e+07 5.24339e+07 5.24339e+07 5.24339e+07 5.24339e+07 5.24339e+07 5.24339e+07 5.24339e+07 5.24339e+07 5.24339e+07 5.24339e+07 5.24339e+07 5.24339e+07 5.24339e+07 
L1 DCM: 18452301687 
L2 DCM: 30553548670 
DP OPS: 268435456005 
L2 DCR: 2909288844 
Time: 499.678 seconds
Result matrix: 
5.24339e+07 5.24339e+07 5.24339e+07 5.24339e+07 5.24339e+07 5.24339e+07 5.24339e+07 5.24339e+07 5.24339e+07 5.24339e+07 5.24339e+07 5.24339e+07 5.24339e+07 5.24339e+07 5.24339e+07 5.24339e+07 5.24339e+07 5.24339e+07 5.24339e+07 5.24339e+07 5.24339e+07 5.24339e+07 5.24339e+07 5.24339e+07 5.24339e+07 5.24339e+07 5.24339e+07 5.24339e+07 5.24339e+07 5.24339e+07 5.24339e+07 5.24339e+07 5.24339e+07 5.24339e+07 5.24339e+07 5.24339e+07 5.24339e+07 5.24339e+07 5.24339e+07 5.24339e+07 5.24339e+07 5.24339e+07 5.24339e+07 5.24339e+07 5.24339e+07 5.24339e+07 5.24339e+07 5.24339e+07 5.24339e+07 5.24339e+07 5.24339e+07 5.24339e+07 5.24339e+07 5.24339e+07 5.24339e+07 5.24339e+07 5.24339e+07 5.24339e+07 5.24339e+07 5.24339e+07 5.24339e+07 5.24339e+07 5.24339e+07 5.24339e+07 5.24339e+07 5.24339e+07 5.24339e+07 5.24339e+07 5.24339e+07 5.24339e+07 5.24339e+07 5.24339e+07 5.24339e+07 5.24339e+07 5.24339e+07 5.24339e+07 5.24339e+07 5.24339e+07 5.24339e+07 5.24339e+07 5.24339e+07 5.24339e+07 5.24339e+07 5.24339e+07 5.24339e+07 5.24339e+07 5.24339e+07 5.24339e+07 5.24339e+07 5.24339e+07 5.24339e+07 5.24339e+07 5.24339e+07 5.24339e+07 5.24339e+07 5.24339e+07 5.24339e+07 5.24339e+07 5.24339e+07 5.24339e+07 5.24339e+07 5.24339e+07 5.24339e+07 5.24339e+07 5.24339e+07 5.24339e+07 5.24339e+07 5.24339e+07 5.24339e+07 5.24339e+07 5.24339e+07 5.24339e+07 5.24339e+07 5.24339e+07 5.24339e+07 5.24339e+07 5.24339e+07 5.24339e+07 5.24339e+07 5.24339e+07 5.24339e+07 5.24339e+07 5.24339e+07 5.24339e+07 5.24339e+07 5.24339e+07 5.24339e+07 5.24339e+07 5.24339e+07 5.24339e+07 5.24339e+07 5.24339e+07 5.24339e+07 5.24339e+07 5.24339e+07 5.24339e+07 5.24339e+07 5.24339e+07 5.24339e+07 5.24339e+07 5.24339e+07 5.24339e+07 5.24339e+07 5.24339e+07 5.24339e+07 5.24339e+07 5.24339e+07 5.24339e+07 5.24339e+07 5.24339e+07 5.24339e+07 5.24339e+07 5.24339e+07 5.24339e+07 5.24339e+07 5.24339e+07 5.24339e+07 5.24339e+07 5.24339e+07 5.24339e+07 5.24339e+07 5.24339e+07 5.24339e+07 5.24339e+07 5.24339e+07 5.24339e+07 5.24339e+07 5.24339e+07 5.24339e+07 5.24339e+07 5.24339e+07 5.24339e+07 5.24339e+07 5.24339e+07 5.24339e+07 5.24339e+07 5.24339e+07 5.24339e+07 5.24339e+07 5.24339e+07 5.24339e+07 5.24339e+07 5.24339e+07 5.24339e+07 5.24339e+07 5.24339e+07 5.24339e+07 5.24339e+07 5.24339e+07 5.24339e+07 5.24339e+07 5.24339e+07 5.24339e+07 5.24339e+07 5.24339e+07 5.24339e+07 5.24339e+07 5.24339e+07 5.24339e+07 5.24339e+07 
L1 DCM: 18546747713 
L2 DCM: 30747069579 
DP OPS: 268435456005 
L2 DCR: 3770432385 

1. Multiplication
2. Line Multiplication
3. Block Multiplication
Selection?: 